% Auto-generated MATLAB script
field = [ ...
    1.00000000E+00   1.00000000E+00   1.00000000E+00   1.00000000E+00   1.00000000E+00   1.00000000E+00   1.00000000E+00   1.00000000E+00   1.00000000E+00   1.00000000E+00   1.00000000E+00   1.00000000E+00   1.00000000E+00   1.00000000E+00   1.00000000E+00   1.00000000E+00   1.00000000E+00   1.00000000E+00   1.00000000E+00   1.00000000E+00   1.00000000E+00; ...
    1.00000000E+00   9.86772299E-01   9.73898888E-01   9.61710453E-01   9.50528562E-01   9.40611362E-01   9.32207465E-01   9.25479412E-01   9.20589447E-01   9.17608023E-01   9.16617036E-01   9.17608023E-01   9.20589447E-01   9.25479412E-01   9.32207465E-01   9.40611362E-01   9.50528562E-01   9.61710453E-01   9.73898888E-01   9.86772299E-01   1.00000000E+00; ...
    1.00000000E+00   9.73898888E-01   9.48487759E-01   9.24446344E-01   9.02365088E-01   8.82813156E-01   8.66207838E-01   8.52954268E-01   8.43279600E-01   8.37422013E-01   8.35440040E-01   8.37422013E-01   8.43279600E-01   8.52954268E-01   8.66207838E-01   8.82813156E-01   9.02365088E-01   9.24446344E-01   9.48487759E-01   9.73898888E-01   1.00000000E+00; ...
    1.00000000E+00   9.61710453E-01   9.24446344E-01   8.89165223E-01   8.56797576E-01   8.28091383E-01   8.03764939E-01   7.84290314E-01   7.70135581E-01   7.61505842E-01   7.58637011E-01   7.61505842E-01   7.70135581E-01   7.84290314E-01   8.03764939E-01   8.28091383E-01   8.56797576E-01   8.89165223E-01   9.24446344E-01   9.61710453E-01   1.00000000E+00; ...
    1.00000000E+00   9.50528562E-01   9.02365088E-01   8.56797576E-01   8.14946055E-01   7.77887821E-01   7.46415615E-01   7.21295059E-01   7.02959180E-01   6.91856563E-01   6.88100696E-01   6.91856563E-01   7.02959180E-01   7.21295059E-01   7.46415615E-01   7.77887821E-01   8.14946055E-01   8.56797576E-01   9.02365088E-01   9.50528562E-01   1.00000000E+00; ...
    1.00000000E+00   9.40611362E-01   8.82813156E-01   8.28091383E-01   7.77887821E-01   7.33364582E-01   6.95633411E-01   6.65429115E-01   6.43474340E-01   6.30090833E-01   6.25640273E-01   6.30090833E-01   6.43474340E-01   6.65429115E-01   6.95633411E-01   7.33364582E-01   7.77887821E-01   8.28091383E-01   8.82813156E-01   9.40611362E-01   1.00000000E+00; ...
    1.00000000E+00   9.32207465E-01   8.66207838E-01   8.03764939E-01   7.46415615E-01   6.95633411E-01   6.52507901E-01   6.18084311E-01   5.92959940E-01   5.77745080E-01   5.72599709E-01   5.77745080E-01   5.92960000E-01   6.18084311E-01   6.52507901E-01   6.95633411E-01   7.46415615E-01   8.03764939E-01   8.66207838E-01   9.32207465E-01   1.00000000E+00; ...
    1.00000000E+00   9.25479412E-01   8.52954268E-01   7.84290314E-01   7.21295059E-01   6.65429115E-01   6.18084311E-01   5.80186129E-01   5.52637100E-01   5.35845280E-01   5.30259728E-01   5.35845280E-01   5.52637100E-01   5.80186129E-01   6.18084311E-01   6.65429115E-01   7.21295059E-01   7.84290314E-01   8.52954268E-01   9.25479412E-01   1.00000000E+00; ...
    1.00000000E+00   9.20589447E-01   8.43279600E-01   7.70135581E-01   7.02959180E-01   6.43474340E-01   5.92959940E-01   5.52637100E-01   5.23208976E-01   5.05386055E-01   4.99360234E-01   5.05386055E-01   5.23208976E-01   5.52637100E-01   5.92960000E-01   6.43474340E-01   7.02959180E-01   7.70135581E-01   8.43279600E-01   9.20589447E-01   1.00000000E+00; ...
    1.00000000E+00   9.17608023E-01   8.37422013E-01   7.61505842E-01   6.91856563E-01   6.30090833E-01   5.77745080E-01   5.35845280E-01   5.05386055E-01   4.86821800E-01   4.80645567E-01   4.86821800E-01   5.05386055E-01   5.35845280E-01   5.77745080E-01   6.30090833E-01   6.91856563E-01   7.61505842E-01   8.37422013E-01   9.17608023E-01   1.00000000E+00; ...
    1.00000000E+00   9.16617036E-01   8.35440040E-01   7.58637011E-01   6.88100696E-01   6.25640273E-01   5.72599709E-01   5.30259728E-01   4.99360234E-01   4.80645567E-01   4.74318832E-01   4.80645567E-01   4.99360234E-01   5.30259728E-01   5.72599709E-01   6.25640273E-01   6.88100696E-01   7.58637011E-01   8.35440040E-01   9.16617036E-01   1.00000000E+00; ...
    1.00000000E+00   9.17608023E-01   8.37422013E-01   7.61505842E-01   6.91856563E-01   6.30090833E-01   5.77745080E-01   5.35845280E-01   5.05386055E-01   4.86821800E-01   4.80645567E-01   4.86821830E-01   5.05386055E-01   5.35845280E-01   5.77745080E-01   6.30090833E-01   6.91856563E-01   7.61505842E-01   8.37422013E-01   9.17608023E-01   1.00000000E+00; ...
    1.00000000E+00   9.20589447E-01   8.43279600E-01   7.70135581E-01   7.02959180E-01   6.43474340E-01   5.92960000E-01   5.52637100E-01   5.23208976E-01   5.05386055E-01   4.99360234E-01   5.05386055E-01   5.23208976E-01   5.52637100E-01   5.92960000E-01   6.43474340E-01   7.02959180E-01   7.70135581E-01   8.43279600E-01   9.20589447E-01   1.00000000E+00; ...
    1.00000000E+00   9.25479412E-01   8.52954268E-01   7.84290314E-01   7.21295059E-01   6.65429115E-01   6.18084311E-01   5.80186129E-01   5.52637100E-01   5.35845280E-01   5.30259728E-01   5.35845280E-01   5.52637100E-01   5.80186129E-01   6.18084311E-01   6.65429115E-01   7.21295059E-01   7.84290314E-01   8.52954268E-01   9.25479412E-01   1.00000000E+00; ...
    1.00000000E+00   9.32207465E-01   8.66207838E-01   8.03764939E-01   7.46415615E-01   6.95633411E-01   6.52507901E-01   6.18084311E-01   5.92960000E-01   5.77745080E-01   5.72599709E-01   5.77745080E-01   5.92960000E-01   6.18084311E-01   6.52507901E-01   6.95633411E-01   7.46415615E-01   8.03764939E-01   8.66207838E-01   9.32207465E-01   1.00000000E+00; ...
    1.00000000E+00   9.40611362E-01   8.82813156E-01   8.28091383E-01   7.77887821E-01   7.33364582E-01   6.95633411E-01   6.65429115E-01   6.43474340E-01   6.30090833E-01   6.25640273E-01   6.30090833E-01   6.43474340E-01   6.65429115E-01   6.95633411E-01   7.33364582E-01   7.77887821E-01   8.28091383E-01   8.82813156E-01   9.40611362E-01   1.00000000E+00; ...
    1.00000000E+00   9.50528562E-01   9.02365088E-01   8.56797576E-01   8.14946055E-01   7.77887821E-01   7.46415615E-01   7.21295059E-01   7.02959180E-01   6.91856563E-01   6.88100696E-01   6.91856563E-01   7.02959180E-01   7.21295059E-01   7.46415615E-01   7.77887821E-01   8.14946055E-01   8.56797576E-01   9.02365088E-01   9.50528562E-01   1.00000000E+00; ...
    1.00000000E+00   9.61710453E-01   9.24446344E-01   8.89165223E-01   8.56797576E-01   8.28091383E-01   8.03764939E-01   7.84290314E-01   7.70135581E-01   7.61505842E-01   7.58637011E-01   7.61505842E-01   7.70135581E-01   7.84290314E-01   8.03764939E-01   8.28091383E-01   8.56797576E-01   8.89165223E-01   9.24446344E-01   9.61710453E-01   1.00000000E+00; ...
    1.00000000E+00   9.73898888E-01   9.48487759E-01   9.24446344E-01   9.02365088E-01   8.82813156E-01   8.66207838E-01   8.52954268E-01   8.43279600E-01   8.37422013E-01   8.35440040E-01   8.37422013E-01   8.43279600E-01   8.52954268E-01   8.66207838E-01   8.82813156E-01   9.02365088E-01   9.24446344E-01   9.48487759E-01   9.73898888E-01   1.00000000E+00; ...
    1.00000000E+00   9.86772299E-01   9.73898888E-01   9.61710453E-01   9.50528562E-01   9.40611362E-01   9.32207465E-01   9.25479412E-01   9.20589447E-01   9.17608023E-01   9.16617036E-01   9.17608023E-01   9.20589447E-01   9.25479412E-01   9.32207465E-01   9.40611362E-01   9.50528562E-01   9.61710453E-01   9.73898888E-01   9.86772299E-01   1.00000000E+00; ...
    1.00000000E+00   1.00000000E+00   1.00000000E+00   1.00000000E+00   1.00000000E+00   1.00000000E+00   1.00000000E+00   1.00000000E+00   1.00000000E+00   1.00000000E+00   1.00000000E+00   1.00000000E+00   1.00000000E+00   1.00000000E+00   1.00000000E+00   1.00000000E+00   1.00000000E+00   1.00000000E+00   1.00000000E+00   1.00000000E+00   1.00000000E+00 ];

% Surface plot (auto-generated)
[ny, nx] = size(field);
[X, Y] = meshgrid(1:nx, 1:ny);
fig = figure('Color','w');
ax = axes('Parent', fig);
h = surf(ax, X, Y, field);
shading(ax, 'interp');
colormap(ax, parula);
cb = colorbar(ax);
cb.Label.String = 'field value';
grid(ax, 'on');
box(ax, 'on');
axis(ax, 'tight');
view(ax, 45, 30);
xlabel(ax, 'i (x index)');
ylabel(ax, 'j (y index)');
zlabel(ax, 'field');
title(ax, sprintf('field (%d x %d)', ny, nx));
set(ax, 'FontSize', 12, 'LineWidth', 1);
set(h, 'EdgeColor', 'k');
drawnow;
