% Auto-generated MATLAB script
field = [ ...
    1.00000000E+00   1.00000000E+00   1.00000000E+00   1.00000000E+00   1.00000000E+00   1.00000000E+00   1.00000000E+00   1.00000000E+00   1.00000000E+00   1.00000000E+00   1.00000000E+00   1.00000000E+00   1.00000000E+00   1.00000000E+00   1.00000000E+00   1.00000000E+00   1.00000000E+00   1.00000000E+00   1.00000000E+00   1.00000000E+00   1.00000000E+00; ...
    1.00000000E+00   9.82446194E-01   9.65421975E-01   9.49407816E-01   9.34853196E-01   9.22084451E-01   9.11394715E-01   9.02932942E-01   8.96846890E-01   8.93161774E-01   8.91943276E-01   8.93161774E-01   8.96846890E-01   9.02932942E-01   9.11394715E-01   9.22084451E-01   9.34853196E-01   9.49407816E-01   9.65421975E-01   9.82446194E-01   1.00000000E+00; ...
    1.00000000E+00   9.65421975E-01   9.31871712E-01   9.00341630E-01   8.71644318E-01   8.46518517E-01   8.25427532E-01   8.08792531E-01   7.96767473E-01   7.89544344E-01   7.87107229E-01   7.89544344E-01   7.96767414E-01   8.08792531E-01   8.25427532E-01   8.46518517E-01   8.71644318E-01   9.00341630E-01   9.31871712E-01   9.65421975E-01   1.00000000E+00; ...
    1.00000000E+00   9.49407816E-01   9.00341630E-01   8.54188204E-01   8.12240660E-01   7.75442362E-01   7.44634509E-01   7.20250249E-01   7.02710271E-01   6.92092001E-01   6.88579321E-01   6.92091942E-01   7.02710271E-01   7.20250249E-01   7.44634509E-01   7.75442362E-01   8.12240660E-01   8.54188204E-01   9.00341630E-01   9.49407816E-01   1.00000000E+00; ...
    1.00000000E+00   9.34853196E-01   8.71644318E-01   8.12240660E-01   7.58177698E-01   7.10841596E-01   6.71111465E-01   6.39772594E-01   6.17122710E-01   6.03514373E-01   5.98925948E-01   6.03514373E-01   6.17122650E-01   6.39772594E-01   6.71111465E-01   7.10841596E-01   7.58177698E-01   8.12240660E-01   8.71644318E-01   9.34853196E-01   1.00000000E+00; ...
    1.00000000E+00   9.22084451E-01   8.46518517E-01   7.75442362E-01   7.10841596E-01   6.54176950E-01   6.06733799E-01   5.69189250E-01   5.42178512E-01   5.25832295E-01   5.20420492E-01   5.25832236E-01   5.42178512E-01   5.69189191E-01   6.06733799E-01   6.54176950E-01   7.10841596E-01   7.75442362E-01   8.46518517E-01   9.22084451E-01   1.00000000E+00; ...
    1.00000000E+00   9.11394715E-01   8.25427532E-01   7.44634509E-01   6.71111465E-01   6.06733799E-01   5.52708328E-01   5.10088682E-01   4.79293168E-01   4.60785151E-01   4.54549968E-01   4.60785151E-01   4.79293168E-01   5.10088682E-01   5.52708268E-01   6.06733799E-01   6.71111465E-01   7.44634509E-01   8.25427532E-01   9.11394715E-01   1.00000000E+00; ...
    1.00000000E+00   9.02932942E-01   8.08792531E-01   7.20250249E-01   6.39772594E-01   5.69189250E-01   5.10088682E-01   4.63327110E-01   4.29679841E-01   4.09324169E-01   4.02579725E-01   4.09324169E-01   4.29679841E-01   4.63327110E-01   5.10088682E-01   5.69189191E-01   6.39772594E-01   7.20250249E-01   8.08792531E-01   9.02932942E-01   1.00000000E+00; ...
    1.00000000E+00   8.96846890E-01   7.96767473E-01   7.02710271E-01   6.17122710E-01   5.42178512E-01   4.79293168E-01   4.29679841E-01   3.93837899E-01   3.72291684E-01   3.65037918E-01   3.72291684E-01   3.93837899E-01   4.29679841E-01   4.79293168E-01   5.42178512E-01   6.17122650E-01   7.02710271E-01   7.96767414E-01   8.96846890E-01   1.00000000E+00; ...
    1.00000000E+00   8.93161774E-01   7.89544344E-01   6.92092001E-01   6.03514373E-01   5.25832295E-01   4.60785151E-01   4.09324169E-01   3.72291684E-01   3.49892765E-01   3.42467666E-01   3.49892765E-01   3.72291684E-01   4.09324169E-01   4.60785151E-01   5.25832236E-01   6.03514373E-01   6.92091942E-01   7.89544344E-01   8.93161774E-01   1.00000000E+00; ...
    1.00000000E+00   8.91943276E-01   7.87107229E-01   6.88579321E-01   5.98925948E-01   5.20420492E-01   4.54549968E-01   4.02579725E-01   3.65037918E-01   3.42467666E-01   3.34871173E-01   3.42467666E-01   3.65037918E-01   4.02579725E-01   4.54549968E-01   5.20420492E-01   5.98925889E-01   6.88579321E-01   7.87107229E-01   8.91943276E-01   1.00000000E+00; ...
    1.00000000E+00   8.93161774E-01   7.89544344E-01   6.92091942E-01   6.03514373E-01   5.25832236E-01   4.60785151E-01   4.09324169E-01   3.72291684E-01   3.49892765E-01   3.42467666E-01   3.49892765E-01   3.72291684E-01   4.09324169E-01   4.60785151E-01   5.25832236E-01   6.03514373E-01   6.92091942E-01   7.89544344E-01   8.93161774E-01   1.00000000E+00; ...
    1.00000000E+00   8.96846890E-01   7.96767414E-01   7.02710271E-01   6.17122650E-01   5.42178512E-01   4.79293168E-01   4.29679841E-01   3.93837899E-01   3.72291684E-01   3.65037918E-01   3.72291684E-01   3.93837899E-01   4.29679841E-01   4.79293168E-01   5.42178512E-01   6.17122650E-01   7.02710271E-01   7.96767414E-01   8.96846890E-01   1.00000000E+00; ...
    1.00000000E+00   9.02932942E-01   8.08792531E-01   7.20250249E-01   6.39772594E-01   5.69189191E-01   5.10088682E-01   4.63327110E-01   4.29679841E-01   4.09324169E-01   4.02579725E-01   4.09324169E-01   4.29679841E-01   4.63327110E-01   5.10088682E-01   5.69189191E-01   6.39772594E-01   7.20250249E-01   8.08792531E-01   9.02932942E-01   1.00000000E+00; ...
    1.00000000E+00   9.11394715E-01   8.25427532E-01   7.44634509E-01   6.71111465E-01   6.06733799E-01   5.52708268E-01   5.10088682E-01   4.79293168E-01   4.60785151E-01   4.54549968E-01   4.60785151E-01   4.79293168E-01   5.10088682E-01   5.52708268E-01   6.06733799E-01   6.71111465E-01   7.44634509E-01   8.25427532E-01   9.11394715E-01   1.00000000E+00; ...
    1.00000000E+00   9.22084451E-01   8.46518517E-01   7.75442362E-01   7.10841596E-01   6.54176950E-01   6.06733799E-01   5.69189191E-01   5.42178512E-01   5.25832236E-01   5.20420492E-01   5.25832236E-01   5.42178512E-01   5.69189191E-01   6.06733799E-01   6.54176950E-01   7.10841596E-01   7.75442362E-01   8.46518517E-01   9.22084451E-01   1.00000000E+00; ...
    1.00000000E+00   9.34853196E-01   8.71644318E-01   8.12240660E-01   7.58177698E-01   7.10841596E-01   6.71111465E-01   6.39772594E-01   6.17122650E-01   6.03514373E-01   5.98925889E-01   6.03514373E-01   6.17122650E-01   6.39772594E-01   6.71111465E-01   7.10841596E-01   7.58177698E-01   8.12240660E-01   8.71644318E-01   9.34853196E-01   1.00000000E+00; ...
    1.00000000E+00   9.49407816E-01   9.00341630E-01   8.54188204E-01   8.12240660E-01   7.75442362E-01   7.44634509E-01   7.20250249E-01   7.02710271E-01   6.92091942E-01   6.88579321E-01   6.92091942E-01   7.02710271E-01   7.20250249E-01   7.44634509E-01   7.75442362E-01   8.12240660E-01   8.54188204E-01   9.00341630E-01   9.49407816E-01   1.00000000E+00; ...
    1.00000000E+00   9.65421975E-01   9.31871712E-01   9.00341630E-01   8.71644318E-01   8.46518517E-01   8.25427532E-01   8.08792531E-01   7.96767414E-01   7.89544344E-01   7.87107229E-01   7.89544344E-01   7.96767414E-01   8.08792531E-01   8.25427532E-01   8.46518517E-01   8.71644318E-01   9.00341630E-01   9.31871712E-01   9.65421975E-01   1.00000000E+00; ...
    1.00000000E+00   9.82446194E-01   9.65421975E-01   9.49407816E-01   9.34853196E-01   9.22084451E-01   9.11394715E-01   9.02932942E-01   8.96846890E-01   8.93161774E-01   8.91943276E-01   8.93161774E-01   8.96846890E-01   9.02932942E-01   9.11394715E-01   9.22084451E-01   9.34853196E-01   9.49407816E-01   9.65421975E-01   9.82446194E-01   1.00000000E+00; ...
    1.00000000E+00   1.00000000E+00   1.00000000E+00   1.00000000E+00   1.00000000E+00   1.00000000E+00   1.00000000E+00   1.00000000E+00   1.00000000E+00   1.00000000E+00   1.00000000E+00   1.00000000E+00   1.00000000E+00   1.00000000E+00   1.00000000E+00   1.00000000E+00   1.00000000E+00   1.00000000E+00   1.00000000E+00   1.00000000E+00   1.00000000E+00 ];

% Surface plot (auto-generated)
[ny, nx] = size(field);
[X, Y] = meshgrid(1:nx, 1:ny);
fig = figure('Color','w');
ax = axes('Parent', fig);
h = surf(ax, X, Y, field);
shading(ax, 'interp');
colormap(ax, parula);
cb = colorbar(ax);
cb.Label.String = 'field value';
grid(ax, 'on');
box(ax, 'on');
axis(ax, 'tight');
view(ax, 45, 30);
xlabel(ax, 'i (x index)');
ylabel(ax, 'j (y index)');
zlabel(ax, 'field');
title(ax, sprintf('field (%d x %d)', ny, nx));
set(ax, 'FontSize', 12, 'LineWidth', 1);
set(h, 'EdgeColor', 'k');
drawnow;
