% Auto-generated MATLAB script
field = [ ...
    1.00000000E+00   1.00000000E+00   1.00000000E+00   1.00000000E+00   1.00000000E+00   1.00000000E+00   1.00000000E+00   1.00000000E+00   1.00000000E+00   1.00000000E+00   1.00000000E+00   1.00000000E+00   1.00000000E+00   1.00000000E+00   1.00000000E+00   1.00000000E+00   1.00000000E+00   1.00000000E+00   1.00000000E+00   1.00000000E+00   1.00000000E+00; ...
    1.00000000E+00   9.93013859E-01   9.86201942E-01   9.79729712E-01   9.73762155E-01   9.68439102E-01   9.63899732E-01   9.60244536E-01   9.57573950E-01   9.55940068E-01   9.55395579E-01   9.55940068E-01   9.57573950E-01   9.60244536E-01   9.63899732E-01   9.68439102E-01   9.73762155E-01   9.79729712E-01   9.86201942E-01   9.93013859E-01   1.00000000E+00; ...
    1.00000000E+00   9.86201942E-01   9.72743750E-01   9.59964991E-01   9.48170662E-01   9.37665343E-01   9.28688765E-01   9.21480596E-01   9.16193008E-01   9.12979007E-01   9.11889970E-01   9.12979007E-01   9.16193008E-01   9.21480596E-01   9.28688765E-01   9.37665343E-01   9.48170662E-01   9.59964991E-01   9.72743750E-01   9.86201942E-01   1.00000000E+00; ...
    1.00000000E+00   9.79729712E-01   9.59964991E-01   9.41185713E-01   9.23871040E-01   9.08426046E-01   8.95255148E-01   8.84649634E-01   8.76900911E-01   8.72160196E-01   8.70580316E-01   8.72160196E-01   8.76900911E-01   8.84649634E-01   8.95255148E-01   9.08426046E-01   9.23871040E-01   9.41185713E-01   9.59964991E-01   9.79729712E-01   1.00000000E+00; ...
    1.00000000E+00   9.73762155E-01   9.48170662E-01   9.23871040E-01   9.01443481E-01   8.81466866E-01   8.64397526E-01   8.50690663E-01   8.40636134E-01   8.34524393E-01   8.32453549E-01   8.34524393E-01   8.40636134E-01   8.50690663E-01   8.64397526E-01   8.81466866E-01   9.01443481E-01   9.23871040E-01   9.48170662E-01   9.73762155E-01   1.00000000E+00; ...
    1.00000000E+00   9.68439102E-01   9.37665343E-01   9.08426046E-01   8.81466866E-01   8.57419133E-01   8.36911917E-01   8.20399106E-01   8.08334231E-01   8.00953031E-01   7.98493087E-01   8.00953031E-01   8.08334231E-01   8.20399106E-01   8.36911917E-01   8.57419133E-01   8.81466866E-01   9.08426046E-01   9.37665343E-01   9.68439102E-01   1.00000000E+00; ...
    1.00000000E+00   9.63899732E-01   9.28688765E-01   8.95255148E-01   8.64397526E-01   8.36911917E-01   8.13426375E-01   7.94567347E-01   7.80733466E-01   7.72324324E-01   7.69475222E-01   7.72324324E-01   7.80733466E-01   7.94567347E-01   8.13426375E-01   8.36911917E-01   8.64397526E-01   8.95255148E-01   9.28688765E-01   9.63899732E-01   1.00000000E+00; ...
    1.00000000E+00   9.60244536E-01   9.21480596E-01   8.84649634E-01   8.50690663E-01   8.20399106E-01   7.94567347E-01   7.73767233E-01   7.58569777E-01   7.49272168E-01   7.46173501E-01   7.49272168E-01   7.58569777E-01   7.73767233E-01   7.94567347E-01   8.20399106E-01   8.50690663E-01   8.84649634E-01   9.21480596E-01   9.60244536E-01   1.00000000E+00; ...
    1.00000000E+00   9.57573950E-01   9.16193008E-01   8.76900911E-01   8.40636134E-01   8.08334231E-01   7.80733466E-01   7.58569777E-01   7.42311895E-01   7.32429147E-01   7.29080856E-01   7.32429147E-01   7.42311895E-01   7.58569777E-01   7.80733466E-01   8.08334231E-01   8.40636134E-01   8.76900911E-01   9.16193068E-01   9.57573950E-01   1.00000000E+00; ...
    1.00000000E+00   9.55940068E-01   9.12979007E-01   8.72160196E-01   8.34524393E-01   8.00953031E-01   7.72324324E-01   7.49272168E-01   7.32429147E-01   7.22124934E-01   7.18690693E-01   7.22124934E-01   7.32429147E-01   7.49272168E-01   7.72324324E-01   8.00953031E-01   8.34524393E-01   8.72160196E-01   9.12979007E-01   9.55940068E-01   1.00000000E+00; ...
    1.00000000E+00   9.55395579E-01   9.11889970E-01   8.70580316E-01   8.32453549E-01   7.98493087E-01   7.69475222E-01   7.46173501E-01   7.29080856E-01   7.18690693E-01   7.15170503E-01   7.18690693E-01   7.29080856E-01   7.46173501E-01   7.69475222E-01   7.98493087E-01   8.32453609E-01   8.70580316E-01   9.11889970E-01   9.55395579E-01   1.00000000E+00; ...
    1.00000000E+00   9.55940068E-01   9.12979007E-01   8.72160196E-01   8.34524393E-01   8.00953031E-01   7.72324324E-01   7.49272168E-01   7.32429147E-01   7.22124934E-01   7.18690693E-01   7.22124934E-01   7.32429147E-01   7.49272168E-01   7.72324324E-01   8.00953031E-01   8.34524393E-01   8.72160196E-01   9.12979007E-01   9.55940068E-01   1.00000000E+00; ...
    1.00000000E+00   9.57573950E-01   9.16193008E-01   8.76900911E-01   8.40636134E-01   8.08334231E-01   7.80733466E-01   7.58569777E-01   7.42311895E-01   7.32429147E-01   7.29080856E-01   7.32429147E-01   7.42311895E-01   7.58569777E-01   7.80733466E-01   8.08334231E-01   8.40636134E-01   8.76900911E-01   9.16193068E-01   9.57573950E-01   1.00000000E+00; ...
    1.00000000E+00   9.60244536E-01   9.21480596E-01   8.84649634E-01   8.50690663E-01   8.20399106E-01   7.94567347E-01   7.73767233E-01   7.58569777E-01   7.49272168E-01   7.46173501E-01   7.49272168E-01   7.58569777E-01   7.73767233E-01   7.94567347E-01   8.20399106E-01   8.50690663E-01   8.84649634E-01   9.21480596E-01   9.60244536E-01   1.00000000E+00; ...
    1.00000000E+00   9.63899732E-01   9.28688765E-01   8.95255148E-01   8.64397526E-01   8.36911917E-01   8.13426375E-01   7.94567347E-01   7.80733466E-01   7.72324324E-01   7.69475222E-01   7.72324324E-01   7.80733466E-01   7.94567347E-01   8.13426375E-01   8.36911917E-01   8.64397526E-01   8.95255148E-01   9.28688765E-01   9.63899732E-01   1.00000000E+00; ...
    1.00000000E+00   9.68439102E-01   9.37665343E-01   9.08426046E-01   8.81466866E-01   8.57419133E-01   8.36911917E-01   8.20399106E-01   8.08334231E-01   8.00953031E-01   7.98493087E-01   8.00953031E-01   8.08334231E-01   8.20399106E-01   8.36911917E-01   8.57419133E-01   8.81466866E-01   9.08426046E-01   9.37665343E-01   9.68439102E-01   1.00000000E+00; ...
    1.00000000E+00   9.73762155E-01   9.48170662E-01   9.23871040E-01   9.01443481E-01   8.81466866E-01   8.64397526E-01   8.50690663E-01   8.40636134E-01   8.34524393E-01   8.32453609E-01   8.34524393E-01   8.40636134E-01   8.50690663E-01   8.64397526E-01   8.81466866E-01   9.01443481E-01   9.23871040E-01   9.48170662E-01   9.73762155E-01   1.00000000E+00; ...
    1.00000000E+00   9.79729712E-01   9.59964991E-01   9.41185713E-01   9.23871040E-01   9.08426046E-01   8.95255148E-01   8.84649634E-01   8.76900911E-01   8.72160196E-01   8.70580316E-01   8.72160196E-01   8.76900911E-01   8.84649634E-01   8.95255148E-01   9.08426046E-01   9.23871040E-01   9.41185713E-01   9.59964991E-01   9.79729712E-01   1.00000000E+00; ...
    1.00000000E+00   9.86201942E-01   9.72743750E-01   9.59964991E-01   9.48170662E-01   9.37665343E-01   9.28688765E-01   9.21480596E-01   9.16193068E-01   9.12979007E-01   9.11889970E-01   9.12979007E-01   9.16193068E-01   9.21480596E-01   9.28688765E-01   9.37665343E-01   9.48170662E-01   9.59964991E-01   9.72743750E-01   9.86201942E-01   1.00000000E+00; ...
    1.00000000E+00   9.93013859E-01   9.86201942E-01   9.79729712E-01   9.73762155E-01   9.68439102E-01   9.63899732E-01   9.60244536E-01   9.57573950E-01   9.55940068E-01   9.55395579E-01   9.55940068E-01   9.57573950E-01   9.60244536E-01   9.63899732E-01   9.68439102E-01   9.73762155E-01   9.79729712E-01   9.86201942E-01   9.93013859E-01   1.00000000E+00; ...
    1.00000000E+00   1.00000000E+00   1.00000000E+00   1.00000000E+00   1.00000000E+00   1.00000000E+00   1.00000000E+00   1.00000000E+00   1.00000000E+00   1.00000000E+00   1.00000000E+00   1.00000000E+00   1.00000000E+00   1.00000000E+00   1.00000000E+00   1.00000000E+00   1.00000000E+00   1.00000000E+00   1.00000000E+00   1.00000000E+00   1.00000000E+00 ];

% Surface plot (auto-generated)
[ny, nx] = size(field);
[X, Y] = meshgrid(1:nx, 1:ny);
fig = figure('Color','w');
ax = axes('Parent', fig);
h = surf(ax, X, Y, field);
shading(ax, 'interp');
colormap(ax, parula);
cb = colorbar(ax);
cb.Label.String = 'field value';
grid(ax, 'on');
box(ax, 'on');
axis(ax, 'tight');
view(ax, 45, 30);
xlabel(ax, 'i (x index)');
ylabel(ax, 'j (y index)');
zlabel(ax, 'field');
title(ax, sprintf('field (%d x %d)', ny, nx));
set(ax, 'FontSize', 12, 'LineWidth', 1);
set(h, 'EdgeColor', 'k');
drawnow;
