% Auto-generated MATLAB script
field = [ ...
    1.00000000E+00   1.00000000E+00   1.00000000E+00   1.00000000E+00   1.00000000E+00   1.00000000E+00   1.00000000E+00   1.00000000E+00   1.00000000E+00   1.00000000E+00   1.00000000E+00   1.00000000E+00   1.00000000E+00   1.00000000E+00   1.00000000E+00   1.00000000E+00   1.00000000E+00   1.00000000E+00   1.00000000E+00   1.00000000E+00   1.00000000E+00; ...
    1.00000000E+00   9.40731525E-01   8.86851072E-01   8.41950715E-01   8.08275461E-01   7.84961998E-01   7.70616531E-01   7.62424529E-01   7.58351803E-01   7.56528556E-01   7.56050348E-01   7.56528556E-01   7.58351803E-01   7.62424529E-01   7.70616531E-01   7.84961998E-01   8.08275461E-01   8.41950715E-01   8.86851072E-01   9.40731525E-01   1.00000000E+00; ...
    1.00000000E+00   8.86851072E-01   7.83580244E-01   6.98269486E-01   6.33509398E-01   5.89472950E-01   5.61806381E-01   5.46446860E-01   5.38569331E-01   5.35190880E-01   5.34234405E-01   5.35190880E-01   5.38569331E-01   5.46446860E-01   5.61806381E-01   5.89472950E-01   6.33509398E-01   6.98269486E-01   7.83580184E-01   8.86851072E-01   1.00000000E+00; ...
    1.00000000E+00   8.41950715E-01   6.98269486E-01   5.78765452E-01   4.89137471E-01   4.27338302E-01   3.89311105E-01   3.67738038E-01   3.57009977E-01   3.52253020E-01   3.50995213E-01   3.52253020E-01   3.57009977E-01   3.67738038E-01   3.89311105E-01   4.27338302E-01   4.89137471E-01   5.78765392E-01   6.98269486E-01   8.41950715E-01   1.00000000E+00; ...
    1.00000000E+00   8.08275461E-01   6.33509398E-01   4.89137471E-01   3.79970431E-01   3.05737466E-01   2.59421289E-01   2.33706564E-01   2.20656499E-01   2.15049788E-01   2.13490516E-01   2.15049788E-01   2.20656499E-01   2.33706564E-01   2.59421289E-01   3.05737466E-01   3.79970431E-01   4.89137471E-01   6.33509398E-01   8.08275461E-01   1.00000000E+00; ...
    1.00000000E+00   7.84961998E-01   5.89472950E-01   4.27338302E-01   3.05737466E-01   2.22386271E-01   1.71096846E-01   1.42274618E-01   1.27936751E-01   1.21664427E-01   1.19987950E-01   1.21664427E-01   1.27936751E-01   1.42274618E-01   1.71096846E-01   2.22386271E-01   3.05737466E-01   4.27338332E-01   5.89472950E-01   7.84961998E-01   1.00000000E+00; ...
    1.00000000E+00   7.70616531E-01   5.61806381E-01   3.89311105E-01   2.59421289E-01   1.71096846E-01   1.16388157E-01   8.60124677E-02   7.07624555E-02   6.42001927E-02   6.24064952E-02   6.42001927E-02   7.07624555E-02   8.60124677E-02   1.16388157E-01   1.71096846E-01   2.59421289E-01   3.89311105E-01   5.61806381E-01   7.70616531E-01   1.00000000E+00; ...
    1.00000000E+00   7.62424529E-01   5.46446860E-01   3.67738038E-01   2.33706564E-01   1.42274618E-01   8.60124677E-02   5.46313077E-02   3.90171334E-02   3.22554037E-02   3.04349791E-02   3.22554037E-02   3.90171334E-02   5.46313077E-02   8.60124677E-02   1.42274618E-01   2.33706564E-01   3.67738068E-01   5.46446860E-01   7.62424529E-01   1.00000000E+00; ...
    1.00000000E+00   7.58351803E-01   5.38569331E-01   3.57009977E-01   2.20656499E-01   1.27936751E-01   7.07624555E-02   3.90171334E-02   2.31798515E-02   1.63596887E-02   1.45125305E-02   1.63596887E-02   2.31798515E-02   3.90171334E-02   7.07624555E-02   1.27936751E-01   2.20656499E-01   3.57009977E-01   5.38569331E-01   7.58351803E-01   1.00000000E+00; ...
    1.00000000E+00   7.56528556E-01   5.35190880E-01   3.52253020E-01   2.15049788E-01   1.21664427E-01   6.42001927E-02   3.22554037E-02   1.63596887E-02   9.50477459E-03   7.65456073E-03   9.50477459E-03   1.63596887E-02   3.22554037E-02   6.42001927E-02   1.21664427E-01   2.15049773E-01   3.52253050E-01   5.35190880E-01   7.56528556E-01   1.00000000E+00; ...
    1.00000000E+00   7.56050348E-01   5.34234405E-01   3.50995213E-01   2.13490516E-01   1.19987950E-01   6.24064952E-02   3.04349791E-02   1.45125305E-02   7.65456073E-03   5.80129214E-03   7.65456073E-03   1.45125296E-02   3.04349791E-02   6.24064952E-02   1.19987950E-01   2.13490516E-01   3.50995183E-01   5.34234405E-01   7.56050348E-01   1.00000000E+00; ...
    1.00000000E+00   7.56528556E-01   5.35190880E-01   3.52253020E-01   2.15049788E-01   1.21664427E-01   6.42001927E-02   3.22554037E-02   1.63596887E-02   9.50477459E-03   7.65456073E-03   9.50477459E-03   1.63596887E-02   3.22554037E-02   6.42001927E-02   1.21664427E-01   2.15049773E-01   3.52253050E-01   5.35190880E-01   7.56528556E-01   1.00000000E+00; ...
    1.00000000E+00   7.58351803E-01   5.38569331E-01   3.57009977E-01   2.20656499E-01   1.27936751E-01   7.07624555E-02   3.90171334E-02   2.31798515E-02   1.63596887E-02   1.45125296E-02   1.63596887E-02   2.31798515E-02   3.90171334E-02   7.07624555E-02   1.27936751E-01   2.20656499E-01   3.57009977E-01   5.38569331E-01   7.58351803E-01   1.00000000E+00; ...
    1.00000000E+00   7.62424529E-01   5.46446860E-01   3.67738038E-01   2.33706564E-01   1.42274618E-01   8.60124677E-02   5.46313077E-02   3.90171334E-02   3.22554037E-02   3.04349791E-02   3.22554037E-02   3.90171334E-02   5.46313077E-02   8.60124677E-02   1.42274618E-01   2.33706564E-01   3.67738068E-01   5.46446860E-01   7.62424529E-01   1.00000000E+00; ...
    1.00000000E+00   7.70616531E-01   5.61806381E-01   3.89311105E-01   2.59421289E-01   1.71096846E-01   1.16388157E-01   8.60124677E-02   7.07624555E-02   6.42001927E-02   6.24064952E-02   6.42001927E-02   7.07624555E-02   8.60124677E-02   1.16388157E-01   1.71096846E-01   2.59421289E-01   3.89311105E-01   5.61806381E-01   7.70616531E-01   1.00000000E+00; ...
    1.00000000E+00   7.84961998E-01   5.89472950E-01   4.27338302E-01   3.05737466E-01   2.22386271E-01   1.71096846E-01   1.42274618E-01   1.27936751E-01   1.21664427E-01   1.19987950E-01   1.21664427E-01   1.27936751E-01   1.42274618E-01   1.71096846E-01   2.22386271E-01   3.05737466E-01   4.27338332E-01   5.89472950E-01   7.84961998E-01   1.00000000E+00; ...
    1.00000000E+00   8.08275461E-01   6.33509398E-01   4.89137471E-01   3.79970431E-01   3.05737466E-01   2.59421289E-01   2.33706564E-01   2.20656499E-01   2.15049773E-01   2.13490516E-01   2.15049773E-01   2.20656499E-01   2.33706564E-01   2.59421289E-01   3.05737466E-01   3.79970431E-01   4.89137471E-01   6.33509398E-01   8.08275461E-01   1.00000000E+00; ...
    1.00000000E+00   8.41950715E-01   6.98269486E-01   5.78765392E-01   4.89137471E-01   4.27338332E-01   3.89311105E-01   3.67738068E-01   3.57009977E-01   3.52253050E-01   3.50995183E-01   3.52253050E-01   3.57009977E-01   3.67738068E-01   3.89311105E-01   4.27338332E-01   4.89137471E-01   5.78765392E-01   6.98269486E-01   8.41950715E-01   1.00000000E+00; ...
    1.00000000E+00   8.86851072E-01   7.83580184E-01   6.98269486E-01   6.33509398E-01   5.89472950E-01   5.61806381E-01   5.46446860E-01   5.38569331E-01   5.35190880E-01   5.34234405E-01   5.35190880E-01   5.38569331E-01   5.46446860E-01   5.61806381E-01   5.89472950E-01   6.33509398E-01   6.98269486E-01   7.83580184E-01   8.86851072E-01   1.00000000E+00; ...
    1.00000000E+00   9.40731525E-01   8.86851072E-01   8.41950715E-01   8.08275461E-01   7.84961998E-01   7.70616531E-01   7.62424529E-01   7.58351803E-01   7.56528556E-01   7.56050348E-01   7.56528556E-01   7.58351803E-01   7.62424529E-01   7.70616531E-01   7.84961998E-01   8.08275461E-01   8.41950715E-01   8.86851072E-01   9.40731525E-01   1.00000000E+00; ...
    1.00000000E+00   1.00000000E+00   1.00000000E+00   1.00000000E+00   1.00000000E+00   1.00000000E+00   1.00000000E+00   1.00000000E+00   1.00000000E+00   1.00000000E+00   1.00000000E+00   1.00000000E+00   1.00000000E+00   1.00000000E+00   1.00000000E+00   1.00000000E+00   1.00000000E+00   1.00000000E+00   1.00000000E+00   1.00000000E+00   1.00000000E+00 ];

% Surface plot (auto-generated)
[ny, nx] = size(field);
[X, Y] = meshgrid(1:nx, 1:ny);
fig = figure('Color','w');
ax = axes('Parent', fig);
h = surf(ax, X, Y, field);
shading(ax, 'interp');
colormap(ax, parula);
cb = colorbar(ax);
cb.Label.String = 'field value';
grid(ax, 'on');
box(ax, 'on');
axis(ax, 'tight');
view(ax, 45, 30);
xlabel(ax, 'i (x index)');
ylabel(ax, 'j (y index)');
zlabel(ax, 'field');
title(ax, sprintf('field (%d x %d)', ny, nx));
set(ax, 'FontSize', 12, 'LineWidth', 1);
set(h, 'EdgeColor', 'k');
drawnow;
