% Auto-generated MATLAB script
field = [ ...
    1.00000000E+00   1.00000000E+00   1.00000000E+00   1.00000000E+00   1.00000000E+00   1.00000000E+00   1.00000000E+00   1.00000000E+00   1.00000000E+00   1.00000000E+00   1.00000000E+00   1.00000000E+00   1.00000000E+00   1.00000000E+00   1.00000000E+00   1.00000000E+00   1.00000000E+00   1.00000000E+00   1.00000000E+00   1.00000000E+00   1.00000000E+00; ...
    1.00000000E+00   9.92083788E-01   9.84365880E-01   9.77034330E-01   9.70276475E-01   9.64250326E-01   9.59113359E-01   9.54978287E-01   9.51957941E-01   9.50110495E-01   9.49494898E-01   9.50110495E-01   9.51957941E-01   9.54978287E-01   9.59113359E-01   9.64250326E-01   9.70276475E-01   9.77034330E-01   9.84365880E-01   9.92083788E-01   1.00000000E+00; ...
    1.00000000E+00   9.84365880E-01   9.69118595E-01   9.54643905E-01   9.41288233E-01   9.29396152E-01   9.19238210E-01   9.11084175E-01   9.05104518E-01   9.01470542E-01   9.00239289E-01   9.01470542E-01   9.05104518E-01   9.11084175E-01   9.19238210E-01   9.29396152E-01   9.41288233E-01   9.54643905E-01   9.69118595E-01   9.84365880E-01   1.00000000E+00; ...
    1.00000000E+00   9.77034330E-01   9.54643905E-01   9.33374286E-01   9.13769007E-01   8.96286726E-01   8.81383777E-01   8.69387507E-01   8.60625267E-01   8.55265558E-01   8.53479743E-01   8.55265558E-01   8.60625267E-01   8.69387507E-01   8.81383777E-01   8.96286726E-01   9.13769007E-01   9.33374286E-01   9.54643905E-01   9.77034330E-01   1.00000000E+00; ...
    1.00000000E+00   9.70276475E-01   9.41288233E-01   9.13769007E-01   8.88377249E-01   8.65767956E-01   8.46455812E-01   8.30953360E-01   8.19584846E-01   8.12675893E-01   8.10335159E-01   8.12675893E-01   8.19584846E-01   8.30953360E-01   8.46455812E-01   8.65767956E-01   8.88377249E-01   9.13769007E-01   9.41288233E-01   9.70276475E-01   1.00000000E+00; ...
    1.00000000E+00   9.64250326E-01   9.29396152E-01   8.96286726E-01   8.65767956E-01   8.38554025E-01   8.15355241E-01   7.96681345E-01   7.83041477E-01   7.74698377E-01   7.71918297E-01   7.74698377E-01   7.83041477E-01   7.96681345E-01   8.15355241E-01   8.38554084E-01   8.65767956E-01   8.96286726E-01   9.29396152E-01   9.64250326E-01   1.00000000E+00; ...
    1.00000000E+00   9.59113359E-01   9.19238210E-01   8.81383777E-01   8.46455812E-01   8.15355241E-01   7.88790226E-01   7.67465591E-01   7.51827538E-01   7.42323756E-01   7.39104033E-01   7.42323756E-01   7.51827538E-01   7.67465591E-01   7.88790226E-01   8.15355241E-01   8.46455812E-01   8.81383777E-01   9.19238210E-01   9.59113359E-01   1.00000000E+00; ...
    1.00000000E+00   9.54978287E-01   9.11084175E-01   8.69387507E-01   8.30953360E-01   7.96681345E-01   7.67465591E-01   7.43948519E-01   7.26770937E-01   7.16264009E-01   7.12762833E-01   7.16264009E-01   7.26770937E-01   7.43948519E-01   7.67465591E-01   7.96681345E-01   8.30953360E-01   8.69387507E-01   9.11084175E-01   9.54978287E-01   1.00000000E+00; ...
    1.00000000E+00   9.51957941E-01   9.05104518E-01   8.60625267E-01   8.19584846E-01   7.83041477E-01   7.51827538E-01   7.26770937E-01   7.08396256E-01   6.97229147E-01   6.93446100E-01   6.97229147E-01   7.08396256E-01   7.26770937E-01   7.51827598E-01   7.83041477E-01   8.19584846E-01   8.60625267E-01   9.05104518E-01   9.51957941E-01   1.00000000E+00; ...
    1.00000000E+00   9.50110495E-01   9.01470542E-01   8.55265558E-01   8.12675893E-01   7.74698377E-01   7.42323756E-01   7.16264009E-01   6.97229147E-01   6.85586333E-01   6.81706429E-01   6.85586333E-01   6.97229147E-01   7.16264069E-01   7.42323756E-01   7.74698377E-01   8.12675893E-01   8.55265617E-01   9.01470542E-01   9.50110495E-01   1.00000000E+00; ...
    1.00000000E+00   9.49494898E-01   9.00239289E-01   8.53479743E-01   8.10335159E-01   7.71918297E-01   7.39104033E-01   7.12762833E-01   6.93446100E-01   6.81706429E-01   6.77729487E-01   6.81706429E-01   6.93446100E-01   7.12762833E-01   7.39104092E-01   7.71918297E-01   8.10335159E-01   8.53479743E-01   9.00239348E-01   9.49494898E-01   1.00000000E+00; ...
    1.00000000E+00   9.50110495E-01   9.01470542E-01   8.55265558E-01   8.12675893E-01   7.74698377E-01   7.42323756E-01   7.16264009E-01   6.97229147E-01   6.85586333E-01   6.81706429E-01   6.85586333E-01   6.97229147E-01   7.16264069E-01   7.42323756E-01   7.74698377E-01   8.12675893E-01   8.55265617E-01   9.01470542E-01   9.50110495E-01   1.00000000E+00; ...
    1.00000000E+00   9.51957941E-01   9.05104518E-01   8.60625267E-01   8.19584846E-01   7.83041477E-01   7.51827538E-01   7.26770937E-01   7.08396256E-01   6.97229147E-01   6.93446100E-01   6.97229147E-01   7.08396256E-01   7.26770937E-01   7.51827598E-01   7.83041477E-01   8.19584846E-01   8.60625267E-01   9.05104518E-01   9.51957941E-01   1.00000000E+00; ...
    1.00000000E+00   9.54978287E-01   9.11084175E-01   8.69387507E-01   8.30953360E-01   7.96681345E-01   7.67465591E-01   7.43948519E-01   7.26770937E-01   7.16264069E-01   7.12762833E-01   7.16264069E-01   7.26770937E-01   7.43948519E-01   7.67465591E-01   7.96681345E-01   8.30953360E-01   8.69387507E-01   9.11084175E-01   9.54978287E-01   1.00000000E+00; ...
    1.00000000E+00   9.59113359E-01   9.19238210E-01   8.81383777E-01   8.46455812E-01   8.15355241E-01   7.88790226E-01   7.67465591E-01   7.51827598E-01   7.42323756E-01   7.39104092E-01   7.42323756E-01   7.51827598E-01   7.67465591E-01   7.88790226E-01   8.15355241E-01   8.46455812E-01   8.81383777E-01   9.19238210E-01   9.59113359E-01   1.00000000E+00; ...
    1.00000000E+00   9.64250326E-01   9.29396152E-01   8.96286726E-01   8.65767956E-01   8.38554084E-01   8.15355241E-01   7.96681345E-01   7.83041477E-01   7.74698377E-01   7.71918297E-01   7.74698377E-01   7.83041477E-01   7.96681345E-01   8.15355241E-01   8.38554084E-01   8.65767956E-01   8.96286726E-01   9.29396152E-01   9.64250326E-01   1.00000000E+00; ...
    1.00000000E+00   9.70276475E-01   9.41288233E-01   9.13769007E-01   8.88377249E-01   8.65767956E-01   8.46455812E-01   8.30953360E-01   8.19584846E-01   8.12675893E-01   8.10335159E-01   8.12675893E-01   8.19584846E-01   8.30953360E-01   8.46455812E-01   8.65767956E-01   8.88377249E-01   9.13769007E-01   9.41288233E-01   9.70276475E-01   1.00000000E+00; ...
    1.00000000E+00   9.77034330E-01   9.54643905E-01   9.33374286E-01   9.13769007E-01   8.96286726E-01   8.81383777E-01   8.69387507E-01   8.60625267E-01   8.55265617E-01   8.53479743E-01   8.55265617E-01   8.60625267E-01   8.69387507E-01   8.81383777E-01   8.96286726E-01   9.13769007E-01   9.33374286E-01   9.54643905E-01   9.77034330E-01   1.00000000E+00; ...
    1.00000000E+00   9.84365880E-01   9.69118595E-01   9.54643905E-01   9.41288233E-01   9.29396152E-01   9.19238210E-01   9.11084175E-01   9.05104518E-01   9.01470542E-01   9.00239348E-01   9.01470542E-01   9.05104518E-01   9.11084175E-01   9.19238210E-01   9.29396152E-01   9.41288233E-01   9.54643905E-01   9.69118595E-01   9.84365880E-01   1.00000000E+00; ...
    1.00000000E+00   9.92083788E-01   9.84365880E-01   9.77034330E-01   9.70276475E-01   9.64250326E-01   9.59113359E-01   9.54978287E-01   9.51957941E-01   9.50110495E-01   9.49494898E-01   9.50110495E-01   9.51957941E-01   9.54978287E-01   9.59113359E-01   9.64250326E-01   9.70276475E-01   9.77034330E-01   9.84365880E-01   9.92083788E-01   1.00000000E+00; ...
    1.00000000E+00   1.00000000E+00   1.00000000E+00   1.00000000E+00   1.00000000E+00   1.00000000E+00   1.00000000E+00   1.00000000E+00   1.00000000E+00   1.00000000E+00   1.00000000E+00   1.00000000E+00   1.00000000E+00   1.00000000E+00   1.00000000E+00   1.00000000E+00   1.00000000E+00   1.00000000E+00   1.00000000E+00   1.00000000E+00   1.00000000E+00 ];

% Surface plot (auto-generated)
[ny, nx] = size(field);
[X, Y] = meshgrid(1:nx, 1:ny);
fig = figure('Color','w');
ax = axes('Parent', fig);
h = surf(ax, X, Y, field);
shading(ax, 'interp');
colormap(ax, parula);
cb = colorbar(ax);
cb.Label.String = 'field value';
grid(ax, 'on');
box(ax, 'on');
axis(ax, 'tight');
view(ax, 45, 30);
xlabel(ax, 'i (x index)');
ylabel(ax, 'j (y index)');
zlabel(ax, 'field');
title(ax, sprintf('field (%d x %d)', ny, nx));
set(ax, 'FontSize', 12, 'LineWidth', 1);
set(h, 'EdgeColor', 'k');
drawnow;
