% Auto-generated MATLAB script
field = [ ...
    1.00000000E+00   1.00000000E+00   1.00000000E+00   1.00000000E+00   1.00000000E+00   1.00000000E+00   1.00000000E+00   1.00000000E+00   1.00000000E+00   1.00000000E+00   1.00000000E+00   1.00000000E+00   1.00000000E+00   1.00000000E+00   1.00000000E+00   1.00000000E+00   1.00000000E+00   1.00000000E+00   1.00000000E+00   1.00000000E+00   1.00000000E+00; ...
    1.00000000E+00   9.93831992E-01   9.87817347E-01   9.82101917E-01   9.76831317E-01   9.72128928E-01   9.68118012E-01   9.64887619E-01   9.62527037E-01   9.61082637E-01   9.60601270E-01   9.61082637E-01   9.62527037E-01   9.64887619E-01   9.68118012E-01   9.72128928E-01   9.76831317E-01   9.82101917E-01   9.87817347E-01   9.93831992E-01   1.00000000E+00; ...
    1.00000000E+00   9.87817347E-01   9.75934029E-01   9.64649081E-01   9.54231858E-01   9.44951117E-01   9.37019289E-01   9.30648744E-01   9.25974846E-01   9.23133373E-01   9.22170579E-01   9.23133373E-01   9.25974846E-01   9.30648744E-01   9.37019289E-01   9.44951117E-01   9.54231858E-01   9.64649081E-01   9.75934029E-01   9.87817347E-01   1.00000000E+00; ...
    1.00000000E+00   9.82101917E-01   9.64649081E-01   9.48064446E-01   9.32770491E-01   9.19125319E-01   9.07486677E-01   8.98113072E-01   8.91263247E-01   8.87071967E-01   8.85675073E-01   8.87071967E-01   8.91263247E-01   8.98113072E-01   9.07486677E-01   9.19125319E-01   9.32770491E-01   9.48064446E-01   9.64649081E-01   9.82101917E-01   1.00000000E+00; ...
    1.00000000E+00   9.76831317E-01   9.54231858E-01   9.32770491E-01   9.12959218E-01   8.95309269E-01   8.80224705E-01   8.68109286E-01   8.59220624E-01   8.53816748E-01   8.51985753E-01   8.53816748E-01   8.59220624E-01   8.68109286E-01   8.80224705E-01   8.95309269E-01   9.12959218E-01   9.32770491E-01   9.54231858E-01   9.76831317E-01   1.00000000E+00; ...
    1.00000000E+00   9.72128928E-01   9.44951117E-01   9.19125319E-01   8.95309269E-01   8.74060869E-01   8.55936944E-01   8.41340303E-01   8.30673575E-01   8.24146986E-01   8.21971655E-01   8.24146986E-01   8.30673575E-01   8.41340303E-01   8.55936944E-01   8.74060869E-01   8.95309269E-01   9.19125319E-01   9.44951117E-01   9.72128928E-01   1.00000000E+00; ...
    1.00000000E+00   9.68118012E-01   9.37019289E-01   9.07486677E-01   8.80224705E-01   8.55936944E-01   8.35179448E-01   8.18507552E-01   8.06276023E-01   7.98839867E-01   7.96320319E-01   7.98839867E-01   8.06276023E-01   8.18507552E-01   8.35179448E-01   8.55936944E-01   8.80224705E-01   9.07486677E-01   9.37019289E-01   9.68118012E-01   1.00000000E+00; ...
    1.00000000E+00   9.64887619E-01   9.30648744E-01   8.98113072E-01   8.68109286E-01   8.41340303E-01   8.18507552E-01   8.00118566E-01   7.86680520E-01   7.78458178E-01   7.75717735E-01   7.78458178E-01   7.86680520E-01   8.00118566E-01   8.18507552E-01   8.41340303E-01   8.68109286E-01   8.98113072E-01   9.30648744E-01   9.64887619E-01   1.00000000E+00; ...
    1.00000000E+00   9.62527037E-01   9.25974846E-01   8.91263247E-01   8.59220624E-01   8.30673575E-01   8.06276023E-01   7.86680520E-01   7.72303939E-01   7.63563812E-01   7.60602355E-01   7.63563812E-01   7.72303939E-01   7.86680520E-01   8.06276023E-01   8.30673575E-01   8.59220624E-01   8.91263247E-01   9.25974846E-01   9.62527037E-01   1.00000000E+00; ...
    1.00000000E+00   9.61082637E-01   9.23133373E-01   8.87071967E-01   8.53816748E-01   8.24146986E-01   7.98839867E-01   7.78458178E-01   7.63563812E-01   7.54450440E-01   7.51413047E-01   7.54450440E-01   7.63563812E-01   7.78458178E-01   7.98839867E-01   8.24146986E-01   8.53816748E-01   8.87071967E-01   9.23133373E-01   9.61082637E-01   1.00000000E+00; ...
    1.00000000E+00   9.60601270E-01   9.22170579E-01   8.85675073E-01   8.51985753E-01   8.21971655E-01   7.96320319E-01   7.75717735E-01   7.60602355E-01   7.51413047E-01   7.48299420E-01   7.51413047E-01   7.60602355E-01   7.75717735E-01   7.96320319E-01   8.21971655E-01   8.51985753E-01   8.85675073E-01   9.22170579E-01   9.60601270E-01   1.00000000E+00; ...
    1.00000000E+00   9.61082637E-01   9.23133373E-01   8.87071967E-01   8.53816748E-01   8.24146986E-01   7.98839867E-01   7.78458178E-01   7.63563812E-01   7.54450440E-01   7.51413047E-01   7.54450440E-01   7.63563812E-01   7.78458178E-01   7.98839867E-01   8.24146986E-01   8.53816748E-01   8.87071967E-01   9.23133373E-01   9.61082637E-01   1.00000000E+00; ...
    1.00000000E+00   9.62527037E-01   9.25974846E-01   8.91263247E-01   8.59220624E-01   8.30673575E-01   8.06276023E-01   7.86680520E-01   7.72303939E-01   7.63563812E-01   7.60602355E-01   7.63563812E-01   7.72303939E-01   7.86680520E-01   8.06276023E-01   8.30673575E-01   8.59220624E-01   8.91263247E-01   9.25974846E-01   9.62527037E-01   1.00000000E+00; ...
    1.00000000E+00   9.64887619E-01   9.30648744E-01   8.98113072E-01   8.68109286E-01   8.41340303E-01   8.18507552E-01   8.00118566E-01   7.86680520E-01   7.78458178E-01   7.75717735E-01   7.78458178E-01   7.86680520E-01   8.00118566E-01   8.18507552E-01   8.41340303E-01   8.68109286E-01   8.98113072E-01   9.30648744E-01   9.64887619E-01   1.00000000E+00; ...
    1.00000000E+00   9.68118012E-01   9.37019289E-01   9.07486677E-01   8.80224705E-01   8.55936944E-01   8.35179448E-01   8.18507552E-01   8.06276023E-01   7.98839867E-01   7.96320319E-01   7.98839867E-01   8.06276023E-01   8.18507552E-01   8.35179448E-01   8.55936944E-01   8.80224705E-01   9.07486677E-01   9.37019289E-01   9.68118012E-01   1.00000000E+00; ...
    1.00000000E+00   9.72128928E-01   9.44951117E-01   9.19125319E-01   8.95309269E-01   8.74060869E-01   8.55936944E-01   8.41340303E-01   8.30673575E-01   8.24146986E-01   8.21971655E-01   8.24146986E-01   8.30673575E-01   8.41340303E-01   8.55936944E-01   8.74060869E-01   8.95309269E-01   9.19125319E-01   9.44951117E-01   9.72128928E-01   1.00000000E+00; ...
    1.00000000E+00   9.76831317E-01   9.54231858E-01   9.32770491E-01   9.12959218E-01   8.95309269E-01   8.80224705E-01   8.68109286E-01   8.59220624E-01   8.53816748E-01   8.51985753E-01   8.53816748E-01   8.59220624E-01   8.68109286E-01   8.80224705E-01   8.95309269E-01   9.12959218E-01   9.32770491E-01   9.54231858E-01   9.76831317E-01   1.00000000E+00; ...
    1.00000000E+00   9.82101917E-01   9.64649081E-01   9.48064446E-01   9.32770491E-01   9.19125319E-01   9.07486677E-01   8.98113072E-01   8.91263247E-01   8.87071967E-01   8.85675073E-01   8.87071967E-01   8.91263247E-01   8.98113072E-01   9.07486677E-01   9.19125319E-01   9.32770491E-01   9.48064446E-01   9.64649081E-01   9.82101917E-01   1.00000000E+00; ...
    1.00000000E+00   9.87817347E-01   9.75934029E-01   9.64649081E-01   9.54231858E-01   9.44951117E-01   9.37019289E-01   9.30648744E-01   9.25974846E-01   9.23133373E-01   9.22170579E-01   9.23133373E-01   9.25974846E-01   9.30648744E-01   9.37019289E-01   9.44951117E-01   9.54231858E-01   9.64649081E-01   9.75934029E-01   9.87817347E-01   1.00000000E+00; ...
    1.00000000E+00   9.93831992E-01   9.87817347E-01   9.82101917E-01   9.76831317E-01   9.72128928E-01   9.68118012E-01   9.64887619E-01   9.62527037E-01   9.61082637E-01   9.60601270E-01   9.61082637E-01   9.62527037E-01   9.64887619E-01   9.68118012E-01   9.72128928E-01   9.76831317E-01   9.82101917E-01   9.87817347E-01   9.93831992E-01   1.00000000E+00; ...
    1.00000000E+00   1.00000000E+00   1.00000000E+00   1.00000000E+00   1.00000000E+00   1.00000000E+00   1.00000000E+00   1.00000000E+00   1.00000000E+00   1.00000000E+00   1.00000000E+00   1.00000000E+00   1.00000000E+00   1.00000000E+00   1.00000000E+00   1.00000000E+00   1.00000000E+00   1.00000000E+00   1.00000000E+00   1.00000000E+00   1.00000000E+00 ];

% Surface plot (auto-generated)
[ny, nx] = size(field);
[X, Y] = meshgrid(1:nx, 1:ny);
fig = figure('Color','w');
ax = axes('Parent', fig);
h = surf(ax, X, Y, field);
shading(ax, 'interp');
colormap(ax, parula);
cb = colorbar(ax);
cb.Label.String = 'field value';
grid(ax, 'on');
box(ax, 'on');
axis(ax, 'tight');
view(ax, 45, 30);
xlabel(ax, 'i (x index)');
ylabel(ax, 'j (y index)');
zlabel(ax, 'field');
title(ax, sprintf('field (%d x %d)', ny, nx));
set(ax, 'FontSize', 12, 'LineWidth', 1);
set(h, 'EdgeColor', 'k');
drawnow;
