% Auto-generated MATLAB script
field = [ ...
    1.00000000E+00   1.00000000E+00   1.00000000E+00   1.00000000E+00   1.00000000E+00   1.00000000E+00   1.00000000E+00   1.00000000E+00   1.00000000E+00   1.00000000E+00   1.00000000E+00   1.00000000E+00   1.00000000E+00   1.00000000E+00   1.00000000E+00   1.00000000E+00   1.00000000E+00   1.00000000E+00   1.00000000E+00   1.00000000E+00   1.00000000E+00; ...
    1.00000000E+00   9.84826624E-01   9.70079243E-01   9.56150889E-01   9.43417966E-01   9.32171285E-01   9.22683835E-01   9.15120184E-01   9.09644008E-01   9.06313598E-01   9.05208766E-01   9.06313598E-01   9.09644008E-01   9.15120184E-01   9.22683835E-01   9.32171285E-01   9.43417966E-01   9.56150889E-01   9.70079243E-01   9.84826624E-01   1.00000000E+00; ...
    1.00000000E+00   9.70079243E-01   9.40986931E-01   9.13532615E-01   8.88403296E-01   8.66246223E-01   8.47510457E-01   8.32622170E-01   8.21793258E-01   8.15255880E-01   8.13046098E-01   8.15255880E-01   8.21793258E-01   8.32622170E-01   8.47510457E-01   8.66246223E-01   8.88403296E-01   9.13532615E-01   9.40986931E-01   9.70079243E-01   1.00000000E+00; ...
    1.00000000E+00   9.56150889E-01   9.13532615E-01   8.73281956E-01   8.36485565E-01   8.03985298E-01   7.76568055E-01   7.54711509E-01   7.38886237E-01   7.29262948E-01   7.26069629E-01   7.29262948E-01   7.38886237E-01   7.54711509E-01   7.76568055E-01   8.03985298E-01   8.36485565E-01   8.73281956E-01   9.13532615E-01   9.56150889E-01   1.00000000E+00; ...
    1.00000000E+00   9.43417966E-01   8.88403296E-01   8.36485565E-01   7.88966179E-01   7.47066319E-01   7.11638510E-01   6.83484316E-01   6.63008809E-01   6.50645971E-01   6.46468818E-01   6.50645971E-01   6.63008809E-01   6.83484316E-01   7.11638510E-01   7.47066319E-01   7.88966179E-01   8.36485565E-01   8.88403296E-01   9.43417966E-01   1.00000000E+00; ...
    1.00000000E+00   9.32171285E-01   8.66246223E-01   8.03985298E-01   7.47066319E-01   6.96795762E-01   6.54385686E-01   6.20580316E-01   5.96100926E-01   5.81218123E-01   5.76277018E-01   5.81218123E-01   5.96100926E-01   6.20580316E-01   6.54385686E-01   6.96795762E-01   7.47066319E-01   8.03985298E-01   8.66246223E-01   9.32171285E-01   1.00000000E+00; ...
    1.00000000E+00   9.22683835E-01   8.47510457E-01   7.76568055E-01   7.11638510E-01   6.54385686E-01   6.05980158E-01   5.67509949E-01   5.39535820E-01   5.22642255E-01   5.16937137E-01   5.22642255E-01   5.39535820E-01   5.67509949E-01   6.05980158E-01   6.54385686E-01   7.11638510E-01   7.76568055E-01   8.47510457E-01   9.22683835E-01   1.00000000E+00; ...
    1.00000000E+00   9.15120184E-01   8.32622170E-01   7.54711509E-01   6.83484316E-01   6.20580316E-01   5.67509949E-01   5.25211215E-01   4.94578391E-01   4.75958139E-01   4.69773263E-01   4.75958139E-01   4.94578391E-01   5.25211215E-01   5.67509949E-01   6.20580316E-01   6.83484316E-01   7.54711509E-01   8.32622170E-01   9.15120184E-01   1.00000000E+00; ...
    1.00000000E+00   9.09644008E-01   8.21793258E-01   7.38886237E-01   6.63008809E-01   5.96100926E-01   5.39535820E-01   4.94578391E-01   4.61890519E-01   4.42147285E-01   4.35482562E-01   4.42147285E-01   4.61890519E-01   4.94578391E-01   5.39535820E-01   5.96100926E-01   6.63008809E-01   7.38886237E-01   8.21793258E-01   9.09644008E-01   1.00000000E+00; ...
    1.00000000E+00   9.06313598E-01   8.15255880E-01   7.29262948E-01   6.50645971E-01   5.81218123E-01   5.22642255E-01   4.75958139E-01   4.42147285E-01   4.21597779E-01   4.14770037E-01   4.21597779E-01   4.42147285E-01   4.75958139E-01   5.22642255E-01   5.81218123E-01   6.50645971E-01   7.29262948E-01   8.15255880E-01   9.06313598E-01   1.00000000E+00; ...
    1.00000000E+00   9.05208766E-01   8.13046098E-01   7.26069629E-01   6.46468818E-01   5.76277018E-01   5.16937137E-01   4.69773263E-01   4.35482562E-01   4.14770037E-01   4.07779217E-01   4.14770037E-01   4.35482562E-01   4.69773263E-01   5.16937137E-01   5.76277018E-01   6.46468818E-01   7.26069629E-01   8.13046098E-01   9.05208766E-01   1.00000000E+00; ...
    1.00000000E+00   9.06313598E-01   8.15255880E-01   7.29262948E-01   6.50645971E-01   5.81218123E-01   5.22642255E-01   4.75958139E-01   4.42147285E-01   4.21597779E-01   4.14770037E-01   4.21597779E-01   4.42147285E-01   4.75958139E-01   5.22642255E-01   5.81218123E-01   6.50645971E-01   7.29262948E-01   8.15255880E-01   9.06313598E-01   1.00000000E+00; ...
    1.00000000E+00   9.09644008E-01   8.21793258E-01   7.38886237E-01   6.63008809E-01   5.96100926E-01   5.39535820E-01   4.94578391E-01   4.61890519E-01   4.42147285E-01   4.35482562E-01   4.42147285E-01   4.61890519E-01   4.94578391E-01   5.39535820E-01   5.96100926E-01   6.63008809E-01   7.38886237E-01   8.21793258E-01   9.09644008E-01   1.00000000E+00; ...
    1.00000000E+00   9.15120184E-01   8.32622170E-01   7.54711509E-01   6.83484316E-01   6.20580316E-01   5.67509949E-01   5.25211215E-01   4.94578391E-01   4.75958139E-01   4.69773263E-01   4.75958139E-01   4.94578391E-01   5.25211215E-01   5.67509949E-01   6.20580316E-01   6.83484316E-01   7.54711509E-01   8.32622170E-01   9.15120184E-01   1.00000000E+00; ...
    1.00000000E+00   9.22683835E-01   8.47510457E-01   7.76568055E-01   7.11638510E-01   6.54385686E-01   6.05980158E-01   5.67509949E-01   5.39535820E-01   5.22642255E-01   5.16937137E-01   5.22642255E-01   5.39535820E-01   5.67509949E-01   6.05980158E-01   6.54385686E-01   7.11638510E-01   7.76568055E-01   8.47510457E-01   9.22683835E-01   1.00000000E+00; ...
    1.00000000E+00   9.32171285E-01   8.66246223E-01   8.03985298E-01   7.47066319E-01   6.96795762E-01   6.54385686E-01   6.20580316E-01   5.96100926E-01   5.81218123E-01   5.76277018E-01   5.81218123E-01   5.96100926E-01   6.20580316E-01   6.54385686E-01   6.96795762E-01   7.47066319E-01   8.03985298E-01   8.66246223E-01   9.32171285E-01   1.00000000E+00; ...
    1.00000000E+00   9.43417966E-01   8.88403296E-01   8.36485565E-01   7.88966179E-01   7.47066319E-01   7.11638510E-01   6.83484316E-01   6.63008809E-01   6.50645971E-01   6.46468818E-01   6.50645971E-01   6.63008809E-01   6.83484316E-01   7.11638510E-01   7.47066319E-01   7.88966179E-01   8.36485565E-01   8.88403296E-01   9.43417966E-01   1.00000000E+00; ...
    1.00000000E+00   9.56150889E-01   9.13532615E-01   8.73281956E-01   8.36485565E-01   8.03985298E-01   7.76568055E-01   7.54711509E-01   7.38886237E-01   7.29262948E-01   7.26069629E-01   7.29262948E-01   7.38886237E-01   7.54711509E-01   7.76568055E-01   8.03985298E-01   8.36485565E-01   8.73281956E-01   9.13532615E-01   9.56150889E-01   1.00000000E+00; ...
    1.00000000E+00   9.70079243E-01   9.40986931E-01   9.13532615E-01   8.88403296E-01   8.66246223E-01   8.47510457E-01   8.32622170E-01   8.21793258E-01   8.15255880E-01   8.13046098E-01   8.15255880E-01   8.21793258E-01   8.32622170E-01   8.47510457E-01   8.66246223E-01   8.88403296E-01   9.13532615E-01   9.40986931E-01   9.70079243E-01   1.00000000E+00; ...
    1.00000000E+00   9.84826624E-01   9.70079243E-01   9.56150889E-01   9.43417966E-01   9.32171285E-01   9.22683835E-01   9.15120184E-01   9.09644008E-01   9.06313598E-01   9.05208766E-01   9.06313598E-01   9.09644008E-01   9.15120184E-01   9.22683835E-01   9.32171285E-01   9.43417966E-01   9.56150889E-01   9.70079243E-01   9.84826624E-01   1.00000000E+00; ...
    1.00000000E+00   1.00000000E+00   1.00000000E+00   1.00000000E+00   1.00000000E+00   1.00000000E+00   1.00000000E+00   1.00000000E+00   1.00000000E+00   1.00000000E+00   1.00000000E+00   1.00000000E+00   1.00000000E+00   1.00000000E+00   1.00000000E+00   1.00000000E+00   1.00000000E+00   1.00000000E+00   1.00000000E+00   1.00000000E+00   1.00000000E+00 ];

% Surface plot (auto-generated)
[ny, nx] = size(field);
[X, Y] = meshgrid(1:nx, 1:ny);
fig = figure('Color','w');
ax = axes('Parent', fig);
h = surf(ax, X, Y, field);
shading(ax, 'interp');
colormap(ax, parula);
cb = colorbar(ax);
cb.Label.String = 'field value';
grid(ax, 'on');
box(ax, 'on');
axis(ax, 'tight');
view(ax, 45, 30);
xlabel(ax, 'i (x index)');
ylabel(ax, 'j (y index)');
zlabel(ax, 'field');
title(ax, sprintf('field (%d x %d)', ny, nx));
set(ax, 'FontSize', 12, 'LineWidth', 1);
set(h, 'EdgeColor', 'k');
drawnow;
