% Auto-generated MATLAB script
field = [ ...
    1.00000000E+00   1.00000000E+00   1.00000000E+00   1.00000000E+00   1.00000000E+00   1.00000000E+00   1.00000000E+00   1.00000000E+00   1.00000000E+00   1.00000000E+00   1.00000000E+00   1.00000000E+00   1.00000000E+00   1.00000000E+00   1.00000000E+00   1.00000000E+00   1.00000000E+00   1.00000000E+00   1.00000000E+00   1.00000000E+00   1.00000000E+00; ...
    1.00000000E+00   9.59564686E-01   9.21656728E-01   8.88209701E-01   8.60668480E-01   8.39257896E-01   8.23824644E-01   8.13340008E-01   8.06903720E-01   8.03442180E-01   8.02391410E-01   8.03442180E-01   8.06903720E-01   8.13340008E-01   8.23824644E-01   8.39257896E-01   8.60668480E-01   8.88209701E-01   9.21656728E-01   9.59564686E-01   1.00000000E+00; ...
    1.00000000E+00   9.21656728E-01   8.48071098E-01   7.83406913E-01   7.29854524E-01   6.88563168E-01   6.58506691E-01   6.38347387E-01   6.25784039E-01   6.19170308E-01   6.17068887E-01   6.19170308E-01   6.25784039E-01   6.38347387E-01   6.58506691E-01   6.88563168E-01   7.29854524E-01   7.83406913E-01   8.48071098E-01   9.21656728E-01   1.00000000E+00; ...
    1.00000000E+00   8.88209701E-01   7.83406913E-01   6.90994859E-01   6.14900172E-01   5.55819631E-01   5.13231397E-01   4.84355241E-01   4.66622651E-01   4.57111448E-01   4.54213977E-01   4.57111448E-01   4.66622651E-01   4.84355241E-01   5.13231397E-01   5.55819631E-01   6.14900172E-01   6.90994859E-01   7.83406973E-01   8.88209701E-01   1.00000000E+00; ...
    1.00000000E+00   8.60668480E-01   7.29854524E-01   6.14900172E-01   5.19823790E-01   4.46514338E-01   3.93269956E-01   3.57552528E-01   3.35362643E-01   3.23665947E-01   3.19972485E-01   3.23665947E-01   3.35362643E-01   3.57552528E-01   3.93269956E-01   4.46514368E-01   5.19823730E-01   6.14900172E-01   7.29854524E-01   8.60668480E-01   1.00000000E+00; ...
    1.00000000E+00   8.39257896E-01   6.88563168E-01   5.55819631E-01   4.46514338E-01   3.61823857E-01   3.00771028E-01   2.59504855E-01   2.34150305E-01   2.20609114E-01   2.16460645E-01   2.20609114E-01   2.34150305E-01   2.59504884E-01   3.00771028E-01   3.61823827E-01   4.46514368E-01   5.55819631E-01   6.88563168E-01   8.39257896E-01   1.00000000E+00; ...
    1.00000000E+00   8.23824644E-01   6.58506691E-01   5.13231397E-01   3.93269956E-01   3.00771028E-01   2.33771861E-01   1.88819081E-01   1.60997629E-01   1.46309748E-01   1.41706318E-01   1.46309748E-01   1.60997629E-01   1.88819110E-01   2.33771861E-01   3.00771028E-01   3.93269956E-01   5.13231397E-01   6.58506691E-01   8.23824644E-01   1.00000000E+00; ...
    1.00000000E+00   8.13340008E-01   6.38347387E-01   4.84355241E-01   3.57552528E-01   2.59504855E-01   1.88819081E-01   1.41188756E-01   1.11909427E-01   9.63370800E-02   9.15408656E-02   9.63370726E-02   1.11909434E-01   1.41188756E-01   1.88819110E-01   2.59504884E-01   3.57552499E-01   4.84355211E-01   6.38347387E-01   8.13340008E-01   1.00000000E+00; ...
    1.00000000E+00   8.06903720E-01   6.25784039E-01   4.66622651E-01   3.35362643E-01   2.34150305E-01   1.60997629E-01   1.11909427E-01   8.16191211E-02   6.56091496E-02   6.06201664E-02   6.56091496E-02   8.16191211E-02   1.11909434E-01   1.60997629E-01   2.34150305E-01   3.35362643E-01   4.66622621E-01   6.25784039E-01   8.06903720E-01   1.00000000E+00; ...
    1.00000000E+00   8.03442180E-01   6.19170308E-01   4.57111448E-01   3.23665947E-01   2.20609114E-01   1.46309748E-01   9.63370800E-02   6.56091496E-02   4.93067056E-02   4.42701019E-02   4.93067056E-02   6.56091496E-02   9.63370726E-02   1.46309748E-01   2.20609114E-01   3.23665947E-01   4.57111448E-01   6.19170308E-01   8.03442180E-01   1.00000000E+00; ...
    1.00000000E+00   8.02391410E-01   6.17068887E-01   4.54213977E-01   3.19972485E-01   2.16460645E-01   1.41706318E-01   9.15408656E-02   6.06201664E-02   4.42701019E-02   3.91858667E-02   4.42701019E-02   6.06201664E-02   9.15408656E-02   1.41706303E-01   2.16460660E-01   3.19972456E-01   4.54213977E-01   6.17068887E-01   8.02391410E-01   1.00000000E+00; ...
    1.00000000E+00   8.03442180E-01   6.19170308E-01   4.57111448E-01   3.23665947E-01   2.20609114E-01   1.46309748E-01   9.63370726E-02   6.56091496E-02   4.93067056E-02   4.42701019E-02   4.93067056E-02   6.56091496E-02   9.63370726E-02   1.46309748E-01   2.20609114E-01   3.23665947E-01   4.57111448E-01   6.19170308E-01   8.03442180E-01   1.00000000E+00; ...
    1.00000000E+00   8.06903720E-01   6.25784039E-01   4.66622651E-01   3.35362643E-01   2.34150305E-01   1.60997629E-01   1.11909434E-01   8.16191211E-02   6.56091496E-02   6.06201664E-02   6.56091496E-02   8.16191211E-02   1.11909434E-01   1.60997629E-01   2.34150305E-01   3.35362643E-01   4.66622621E-01   6.25784039E-01   8.06903720E-01   1.00000000E+00; ...
    1.00000000E+00   8.13340008E-01   6.38347387E-01   4.84355241E-01   3.57552528E-01   2.59504884E-01   1.88819110E-01   1.41188756E-01   1.11909434E-01   9.63370726E-02   9.15408656E-02   9.63370726E-02   1.11909434E-01   1.41188756E-01   1.88819110E-01   2.59504884E-01   3.57552499E-01   4.84355211E-01   6.38347387E-01   8.13340008E-01   1.00000000E+00; ...
    1.00000000E+00   8.23824644E-01   6.58506691E-01   5.13231397E-01   3.93269956E-01   3.00771028E-01   2.33771861E-01   1.88819110E-01   1.60997629E-01   1.46309748E-01   1.41706303E-01   1.46309748E-01   1.60997629E-01   1.88819110E-01   2.33771861E-01   3.00771028E-01   3.93269956E-01   5.13231397E-01   6.58506691E-01   8.23824644E-01   1.00000000E+00; ...
    1.00000000E+00   8.39257896E-01   6.88563168E-01   5.55819631E-01   4.46514368E-01   3.61823827E-01   3.00771028E-01   2.59504884E-01   2.34150305E-01   2.20609114E-01   2.16460660E-01   2.20609114E-01   2.34150305E-01   2.59504884E-01   3.00771028E-01   3.61823857E-01   4.46514368E-01   5.55819631E-01   6.88563168E-01   8.39257896E-01   1.00000000E+00; ...
    1.00000000E+00   8.60668480E-01   7.29854524E-01   6.14900172E-01   5.19823730E-01   4.46514368E-01   3.93269956E-01   3.57552499E-01   3.35362643E-01   3.23665947E-01   3.19972456E-01   3.23665947E-01   3.35362643E-01   3.57552499E-01   3.93269956E-01   4.46514368E-01   5.19823730E-01   6.14900172E-01   7.29854524E-01   8.60668480E-01   1.00000000E+00; ...
    1.00000000E+00   8.88209701E-01   7.83406913E-01   6.90994859E-01   6.14900172E-01   5.55819631E-01   5.13231397E-01   4.84355211E-01   4.66622621E-01   4.57111448E-01   4.54213977E-01   4.57111448E-01   4.66622621E-01   4.84355211E-01   5.13231397E-01   5.55819631E-01   6.14900172E-01   6.90994859E-01   7.83406973E-01   8.88209701E-01   1.00000000E+00; ...
    1.00000000E+00   9.21656728E-01   8.48071098E-01   7.83406973E-01   7.29854524E-01   6.88563168E-01   6.58506691E-01   6.38347387E-01   6.25784039E-01   6.19170308E-01   6.17068887E-01   6.19170308E-01   6.25784039E-01   6.38347387E-01   6.58506691E-01   6.88563168E-01   7.29854524E-01   7.83406973E-01   8.48071098E-01   9.21656728E-01   1.00000000E+00; ...
    1.00000000E+00   9.59564686E-01   9.21656728E-01   8.88209701E-01   8.60668480E-01   8.39257896E-01   8.23824644E-01   8.13340008E-01   8.06903720E-01   8.03442180E-01   8.02391410E-01   8.03442180E-01   8.06903720E-01   8.13340008E-01   8.23824644E-01   8.39257896E-01   8.60668480E-01   8.88209701E-01   9.21656728E-01   9.59564686E-01   1.00000000E+00; ...
    1.00000000E+00   1.00000000E+00   1.00000000E+00   1.00000000E+00   1.00000000E+00   1.00000000E+00   1.00000000E+00   1.00000000E+00   1.00000000E+00   1.00000000E+00   1.00000000E+00   1.00000000E+00   1.00000000E+00   1.00000000E+00   1.00000000E+00   1.00000000E+00   1.00000000E+00   1.00000000E+00   1.00000000E+00   1.00000000E+00   1.00000000E+00 ];

% Surface plot (auto-generated)
[ny, nx] = size(field);
[X, Y] = meshgrid(1:nx, 1:ny);
fig = figure('Color','w');
ax = axes('Parent', fig);
h = surf(ax, X, Y, field);
shading(ax, 'interp');
colormap(ax, parula);
cb = colorbar(ax);
cb.Label.String = 'field value';
grid(ax, 'on');
box(ax, 'on');
axis(ax, 'tight');
view(ax, 45, 30);
xlabel(ax, 'i (x index)');
ylabel(ax, 'j (y index)');
zlabel(ax, 'field');
title(ax, sprintf('field (%d x %d)', ny, nx));
set(ax, 'FontSize', 12, 'LineWidth', 1);
set(h, 'EdgeColor', 'k');
drawnow;
