% Auto-generated MATLAB script
field = [ ...
    1.00000000E+00   1.00000000E+00   1.00000000E+00   1.00000000E+00   1.00000000E+00   1.00000000E+00   1.00000000E+00   1.00000000E+00   1.00000000E+00   1.00000000E+00   1.00000000E+00   1.00000000E+00   1.00000000E+00   1.00000000E+00   1.00000000E+00   1.00000000E+00   1.00000000E+00   1.00000000E+00   1.00000000E+00   1.00000000E+00   1.00000000E+00; ...
    1.00000000E+00   9.69318867E-01   9.40102160E-01   9.13550854E-01   8.90643537E-01   8.71771216E-01   8.57113183E-01   8.46338749E-01   8.39134932E-01   8.34993839E-01   8.33674788E-01   8.34993839E-01   8.39134932E-01   8.46338749E-01   8.57113183E-01   8.71771216E-01   8.90643537E-01   9.13550854E-01   9.40102160E-01   9.69318867E-01   1.00000000E+00; ...
    1.00000000E+00   9.40102160E-01   8.82999599E-01   8.31227779E-01   7.86410093E-01   7.49662340E-01   7.20953047E-01   7.00010896E-01   6.85873747E-01   6.77862108E-01   6.75224006E-01   6.77862108E-01   6.85873747E-01   7.00010896E-01   7.20953047E-01   7.49662340E-01   7.86410093E-01   8.31227779E-01   8.82999599E-01   9.40102160E-01   1.00000000E+00; ...
    1.00000000E+00   9.13550854E-01   8.31227779E-01   7.56435156E-01   6.91906691E-01   6.38773143E-01   5.97502172E-01   5.67189932E-01   5.46917081E-01   5.35276949E-01   5.31561852E-01   5.35276949E-01   5.46917081E-01   5.67189932E-01   5.97502172E-01   6.38773143E-01   6.91906691E-01   7.56435156E-01   8.31227779E-01   9.13550854E-01   1.00000000E+00; ...
    1.00000000E+00   8.90643537E-01   7.86410093E-01   6.91906691E-01   6.10143483E-01   5.43099999E-01   4.90771055E-01   4.52592283E-01   4.26852912E-01   4.12253320E-01   4.07461196E-01   4.12253320E-01   4.26852912E-01   4.52592283E-01   4.90771025E-01   5.43099999E-01   6.10143423E-01   6.91906691E-01   7.86410093E-01   8.90643537E-01   1.00000000E+00; ...
    1.00000000E+00   8.71771216E-01   7.49662340E-01   6.38773143E-01   5.43099999E-01   4.64392185E-01   4.03250515E-01   3.58403385E-01   3.28395456E-01   3.11198950E-01   3.05692196E-01   3.11198950E-01   3.28395456E-01   3.58403385E-01   4.03250515E-01   4.64392155E-01   5.43099999E-01   6.38773143E-01   7.49662340E-01   8.71771216E-01   1.00000000E+00; ...
    1.00000000E+00   8.57113183E-01   7.20953047E-01   5.97502172E-01   4.90771055E-01   4.03250515E-01   3.35020185E-01   2.85228431E-01   2.51715332E-01   2.32685193E-01   2.26463884E-01   2.32685193E-01   2.51715332E-01   2.85228401E-01   3.35020185E-01   4.03250515E-01   4.90771025E-01   5.97502172E-01   7.20953047E-01   8.57113183E-01   1.00000000E+00; ...
    1.00000000E+00   8.46338749E-01   7.00010896E-01   5.67189932E-01   4.52592283E-01   3.58403385E-01   2.85228431E-01   2.31628463E-01   1.95746586E-01   1.75224856E-01   1.68630928E-01   1.75224856E-01   1.95746586E-01   2.31628463E-01   2.85228401E-01   3.58403385E-01   4.52592313E-01   5.67189932E-01   7.00010896E-01   8.46338749E-01   1.00000000E+00; ...
    1.00000000E+00   8.39134932E-01   6.85873747E-01   5.46917081E-01   4.26852912E-01   3.28395456E-01   2.51715332E-01   1.95746586E-01   1.58128142E-01   1.36747003E-01   1.29780501E-01   1.36747003E-01   1.58128142E-01   1.95746571E-01   2.51715332E-01   3.28395456E-01   4.26852912E-01   5.46917081E-01   6.85873747E-01   8.39134932E-01   1.00000000E+00; ...
    1.00000000E+00   8.34993839E-01   6.77862108E-01   5.35276949E-01   4.12253320E-01   3.11198950E-01   2.32685193E-01   1.75224856E-01   1.36747003E-01   1.14768393E-01   1.07691191E-01   1.14768393E-01   1.36747003E-01   1.75224856E-01   2.32685193E-01   3.11198950E-01   4.12253320E-01   5.35276949E-01   6.77862108E-01   8.34993839E-01   1.00000000E+00; ...
    1.00000000E+00   8.33674788E-01   6.75224006E-01   5.31561852E-01   4.07461196E-01   3.05692196E-01   2.26463884E-01   1.68630928E-01   1.29780501E-01   1.07691191E-01   1.00503340E-01   1.07691199E-01   1.29780501E-01   1.68630928E-01   2.26463884E-01   3.05692166E-01   4.07461196E-01   5.31561852E-01   6.75224006E-01   8.33674788E-01   1.00000000E+00; ...
    1.00000000E+00   8.34993839E-01   6.77862108E-01   5.35276949E-01   4.12253320E-01   3.11198950E-01   2.32685193E-01   1.75224856E-01   1.36747003E-01   1.14768393E-01   1.07691199E-01   1.14768393E-01   1.36747003E-01   1.75224856E-01   2.32685193E-01   3.11198950E-01   4.12253320E-01   5.35276949E-01   6.77862108E-01   8.34993839E-01   1.00000000E+00; ...
    1.00000000E+00   8.39134932E-01   6.85873747E-01   5.46917081E-01   4.26852912E-01   3.28395456E-01   2.51715332E-01   1.95746586E-01   1.58128142E-01   1.36747003E-01   1.29780501E-01   1.36747003E-01   1.58128142E-01   1.95746571E-01   2.51715332E-01   3.28395456E-01   4.26852912E-01   5.46917081E-01   6.85873747E-01   8.39134932E-01   1.00000000E+00; ...
    1.00000000E+00   8.46338749E-01   7.00010896E-01   5.67189932E-01   4.52592283E-01   3.58403385E-01   2.85228401E-01   2.31628463E-01   1.95746571E-01   1.75224856E-01   1.68630928E-01   1.75224856E-01   1.95746571E-01   2.31628463E-01   2.85228401E-01   3.58403385E-01   4.52592313E-01   5.67189932E-01   7.00010896E-01   8.46338749E-01   1.00000000E+00; ...
    1.00000000E+00   8.57113183E-01   7.20953047E-01   5.97502172E-01   4.90771025E-01   4.03250515E-01   3.35020185E-01   2.85228401E-01   2.51715332E-01   2.32685193E-01   2.26463884E-01   2.32685193E-01   2.51715332E-01   2.85228401E-01   3.35020185E-01   4.03250515E-01   4.90771025E-01   5.97502172E-01   7.20953047E-01   8.57113183E-01   1.00000000E+00; ...
    1.00000000E+00   8.71771216E-01   7.49662340E-01   6.38773143E-01   5.43099999E-01   4.64392155E-01   4.03250515E-01   3.58403385E-01   3.28395456E-01   3.11198950E-01   3.05692166E-01   3.11198950E-01   3.28395456E-01   3.58403385E-01   4.03250515E-01   4.64392155E-01   5.43099999E-01   6.38773143E-01   7.49662340E-01   8.71771216E-01   1.00000000E+00; ...
    1.00000000E+00   8.90643537E-01   7.86410093E-01   6.91906691E-01   6.10143423E-01   5.43099999E-01   4.90771025E-01   4.52592313E-01   4.26852912E-01   4.12253320E-01   4.07461196E-01   4.12253320E-01   4.26852912E-01   4.52592313E-01   4.90771025E-01   5.43099999E-01   6.10143423E-01   6.91906691E-01   7.86410093E-01   8.90643537E-01   1.00000000E+00; ...
    1.00000000E+00   9.13550854E-01   8.31227779E-01   7.56435156E-01   6.91906691E-01   6.38773143E-01   5.97502172E-01   5.67189932E-01   5.46917081E-01   5.35276949E-01   5.31561852E-01   5.35276949E-01   5.46917081E-01   5.67189932E-01   5.97502172E-01   6.38773143E-01   6.91906691E-01   7.56435156E-01   8.31227779E-01   9.13550854E-01   1.00000000E+00; ...
    1.00000000E+00   9.40102160E-01   8.82999599E-01   8.31227779E-01   7.86410093E-01   7.49662340E-01   7.20953047E-01   7.00010896E-01   6.85873747E-01   6.77862108E-01   6.75224006E-01   6.77862108E-01   6.85873747E-01   7.00010896E-01   7.20953047E-01   7.49662340E-01   7.86410093E-01   8.31227779E-01   8.82999599E-01   9.40102160E-01   1.00000000E+00; ...
    1.00000000E+00   9.69318867E-01   9.40102160E-01   9.13550854E-01   8.90643537E-01   8.71771216E-01   8.57113183E-01   8.46338749E-01   8.39134932E-01   8.34993839E-01   8.33674788E-01   8.34993839E-01   8.39134932E-01   8.46338749E-01   8.57113183E-01   8.71771216E-01   8.90643537E-01   9.13550854E-01   9.40102160E-01   9.69318867E-01   1.00000000E+00; ...
    1.00000000E+00   1.00000000E+00   1.00000000E+00   1.00000000E+00   1.00000000E+00   1.00000000E+00   1.00000000E+00   1.00000000E+00   1.00000000E+00   1.00000000E+00   1.00000000E+00   1.00000000E+00   1.00000000E+00   1.00000000E+00   1.00000000E+00   1.00000000E+00   1.00000000E+00   1.00000000E+00   1.00000000E+00   1.00000000E+00   1.00000000E+00 ];

% Surface plot (auto-generated)
[ny, nx] = size(field);
[X, Y] = meshgrid(1:nx, 1:ny);
fig = figure('Color','w');
ax = axes('Parent', fig);
h = surf(ax, X, Y, field);
shading(ax, 'interp');
colormap(ax, parula);
cb = colorbar(ax);
cb.Label.String = 'field value';
grid(ax, 'on');
box(ax, 'on');
axis(ax, 'tight');
view(ax, 45, 30);
xlabel(ax, 'i (x index)');
ylabel(ax, 'j (y index)');
zlabel(ax, 'field');
title(ax, sprintf('field (%d x %d)', ny, nx));
set(ax, 'FontSize', 12, 'LineWidth', 1);
set(h, 'EdgeColor', 'k');
drawnow;
