% Auto-generated MATLAB script
field = [ ...
    1.00000000E+00   1.00000000E+00   1.00000000E+00   1.00000000E+00   1.00000000E+00   1.00000000E+00   1.00000000E+00   1.00000000E+00   1.00000000E+00   1.00000000E+00   1.00000000E+00   1.00000000E+00   1.00000000E+00   1.00000000E+00   1.00000000E+00   1.00000000E+00   1.00000000E+00   1.00000000E+00   1.00000000E+00   1.00000000E+00   1.00000000E+00; ...
    1.00000000E+00   9.95749891E-01   9.91605163E-01   9.87666070E-01   9.84032750E-01   9.80790377E-01   9.78024006E-01   9.75795567E-01   9.74166691E-01   9.73169923E-01   9.72837687E-01   9.73169923E-01   9.74166691E-01   9.75795567E-01   9.78024006E-01   9.80790377E-01   9.84032750E-01   9.87666070E-01   9.91605163E-01   9.95749891E-01   1.00000000E+00; ...
    1.00000000E+00   9.91605163E-01   9.83415961E-01   9.75638032E-01   9.68456626E-01   9.62057054E-01   9.56586361E-01   9.52191293E-01   9.48966146E-01   9.47005153E-01   9.46340680E-01   9.47005153E-01   9.48966146E-01   9.52191293E-01   9.56586361E-01   9.62057054E-01   9.68456626E-01   9.75638032E-01   9.83415961E-01   9.91605163E-01   1.00000000E+00; ...
    1.00000000E+00   9.87666070E-01   9.75638032E-01   9.64206576E-01   9.53662574E-01   9.44253027E-01   9.36225057E-01   9.29757953E-01   9.25031066E-01   9.22138333E-01   9.21174169E-01   9.22138333E-01   9.25031066E-01   9.29757953E-01   9.36225057E-01   9.44253027E-01   9.53662574E-01   9.64206576E-01   9.75638032E-01   9.87666070E-01   1.00000000E+00; ...
    1.00000000E+00   9.84032750E-01   9.68456626E-01   9.53662574E-01   9.40003276E-01   9.27831054E-01   9.17425513E-01   9.09066081E-01   9.02931690E-01   8.99201810E-01   8.97937894E-01   8.99201810E-01   9.02931690E-01   9.09066081E-01   9.17425513E-01   9.27831054E-01   9.40003276E-01   9.53662574E-01   9.68456626E-01   9.84032750E-01   1.00000000E+00; ...
    1.00000000E+00   9.80790377E-01   9.62057054E-01   9.44253027E-01   9.27831054E-01   9.13176060E-01   9.00672793E-01   8.90600502E-01   8.83238435E-01   8.78733158E-01   8.77231479E-01   8.78733158E-01   8.83238435E-01   8.90600502E-01   9.00672793E-01   9.13176060E-01   9.27831054E-01   9.44253027E-01   9.62057054E-01   9.80790377E-01   1.00000000E+00; ...
    1.00000000E+00   9.78024006E-01   9.56586361E-01   9.36225057E-01   9.17425513E-01   9.00672793E-01   8.86351526E-01   8.74846220E-01   8.66403461E-01   8.61269951E-01   8.59530330E-01   8.61269951E-01   8.66403461E-01   8.74846220E-01   8.86351526E-01   9.00672793E-01   9.17425513E-01   9.36225057E-01   9.56586361E-01   9.78024006E-01   1.00000000E+00; ...
    1.00000000E+00   9.75795567E-01   9.52191293E-01   9.29757953E-01   9.09066081E-01   8.90600502E-01   8.74846220E-01   8.62154961E-01   8.52878690E-01   8.47201943E-01   8.45309794E-01   8.47201943E-01   8.52878690E-01   8.62154961E-01   8.74846220E-01   8.90600502E-01   9.09066081E-01   9.29757953E-01   9.52191293E-01   9.75795567E-01   1.00000000E+00; ...
    1.00000000E+00   9.74166691E-01   9.48966146E-01   9.25031066E-01   9.02931690E-01   8.83238435E-01   8.66403461E-01   8.52878690E-01   8.42953980E-01   8.36919427E-01   8.34874511E-01   8.36919427E-01   8.42953980E-01   8.52878690E-01   8.66403461E-01   8.83238435E-01   9.02931690E-01   9.25031066E-01   9.48966146E-01   9.74166691E-01   1.00000000E+00; ...
    1.00000000E+00   9.73169923E-01   9.47005153E-01   9.22138333E-01   8.99201810E-01   8.78733158E-01   8.61269951E-01   8.47201943E-01   8.36919427E-01   8.30626905E-01   8.28529477E-01   8.30626905E-01   8.36919427E-01   8.47201943E-01   8.61269951E-01   8.78733158E-01   8.99201810E-01   9.22138333E-01   9.47005153E-01   9.73169923E-01   1.00000000E+00; ...
    1.00000000E+00   9.72837687E-01   9.46340680E-01   9.21174169E-01   8.97937894E-01   8.77231479E-01   8.59530330E-01   8.45309794E-01   8.34874511E-01   8.28529477E-01   8.26379418E-01   8.28529477E-01   8.34874511E-01   8.45309794E-01   8.59530330E-01   8.77231479E-01   8.97937894E-01   9.21174169E-01   9.46340680E-01   9.72837687E-01   1.00000000E+00; ...
    1.00000000E+00   9.73169923E-01   9.47005153E-01   9.22138333E-01   8.99201810E-01   8.78733158E-01   8.61269951E-01   8.47201943E-01   8.36919427E-01   8.30626905E-01   8.28529477E-01   8.30626905E-01   8.36919427E-01   8.47201943E-01   8.61269951E-01   8.78733158E-01   8.99201810E-01   9.22138333E-01   9.47005153E-01   9.73169923E-01   1.00000000E+00; ...
    1.00000000E+00   9.74166691E-01   9.48966146E-01   9.25031066E-01   9.02931690E-01   8.83238435E-01   8.66403461E-01   8.52878690E-01   8.42953980E-01   8.36919427E-01   8.34874511E-01   8.36919427E-01   8.42953980E-01   8.52878690E-01   8.66403461E-01   8.83238435E-01   9.02931690E-01   9.25031066E-01   9.48966146E-01   9.74166691E-01   1.00000000E+00; ...
    1.00000000E+00   9.75795567E-01   9.52191293E-01   9.29757953E-01   9.09066081E-01   8.90600502E-01   8.74846220E-01   8.62154961E-01   8.52878690E-01   8.47201943E-01   8.45309794E-01   8.47201943E-01   8.52878690E-01   8.62154961E-01   8.74846220E-01   8.90600502E-01   9.09066081E-01   9.29757953E-01   9.52191293E-01   9.75795567E-01   1.00000000E+00; ...
    1.00000000E+00   9.78024006E-01   9.56586361E-01   9.36225057E-01   9.17425513E-01   9.00672793E-01   8.86351526E-01   8.74846220E-01   8.66403461E-01   8.61269951E-01   8.59530330E-01   8.61269951E-01   8.66403461E-01   8.74846220E-01   8.86351526E-01   9.00672793E-01   9.17425513E-01   9.36225057E-01   9.56586361E-01   9.78024006E-01   1.00000000E+00; ...
    1.00000000E+00   9.80790377E-01   9.62057054E-01   9.44253027E-01   9.27831054E-01   9.13176060E-01   9.00672793E-01   8.90600502E-01   8.83238435E-01   8.78733158E-01   8.77231479E-01   8.78733158E-01   8.83238435E-01   8.90600502E-01   9.00672793E-01   9.13176060E-01   9.27831054E-01   9.44253027E-01   9.62057054E-01   9.80790377E-01   1.00000000E+00; ...
    1.00000000E+00   9.84032750E-01   9.68456626E-01   9.53662574E-01   9.40003276E-01   9.27831054E-01   9.17425513E-01   9.09066081E-01   9.02931690E-01   8.99201810E-01   8.97937894E-01   8.99201810E-01   9.02931690E-01   9.09066081E-01   9.17425513E-01   9.27831054E-01   9.40003276E-01   9.53662574E-01   9.68456626E-01   9.84032750E-01   1.00000000E+00; ...
    1.00000000E+00   9.87666070E-01   9.75638032E-01   9.64206576E-01   9.53662574E-01   9.44253027E-01   9.36225057E-01   9.29757953E-01   9.25031066E-01   9.22138333E-01   9.21174169E-01   9.22138333E-01   9.25031066E-01   9.29757953E-01   9.36225057E-01   9.44253027E-01   9.53662574E-01   9.64206576E-01   9.75638032E-01   9.87666070E-01   1.00000000E+00; ...
    1.00000000E+00   9.91605163E-01   9.83415961E-01   9.75638032E-01   9.68456626E-01   9.62057054E-01   9.56586361E-01   9.52191293E-01   9.48966146E-01   9.47005153E-01   9.46340680E-01   9.47005153E-01   9.48966146E-01   9.52191293E-01   9.56586361E-01   9.62057054E-01   9.68456626E-01   9.75638032E-01   9.83415961E-01   9.91605163E-01   1.00000000E+00; ...
    1.00000000E+00   9.95749891E-01   9.91605163E-01   9.87666070E-01   9.84032750E-01   9.80790377E-01   9.78024006E-01   9.75795567E-01   9.74166691E-01   9.73169923E-01   9.72837687E-01   9.73169923E-01   9.74166691E-01   9.75795567E-01   9.78024006E-01   9.80790377E-01   9.84032750E-01   9.87666070E-01   9.91605163E-01   9.95749891E-01   1.00000000E+00; ...
    1.00000000E+00   1.00000000E+00   1.00000000E+00   1.00000000E+00   1.00000000E+00   1.00000000E+00   1.00000000E+00   1.00000000E+00   1.00000000E+00   1.00000000E+00   1.00000000E+00   1.00000000E+00   1.00000000E+00   1.00000000E+00   1.00000000E+00   1.00000000E+00   1.00000000E+00   1.00000000E+00   1.00000000E+00   1.00000000E+00   1.00000000E+00 ];

% Surface plot (auto-generated)
[ny, nx] = size(field);
[X, Y] = meshgrid(1:nx, 1:ny);
fig = figure('Color','w');
ax = axes('Parent', fig);
h = surf(ax, X, Y, field);
shading(ax, 'interp');
colormap(ax, parula);
cb = colorbar(ax);
cb.Label.String = 'field value';
grid(ax, 'on');
box(ax, 'on');
axis(ax, 'tight');
view(ax, 45, 30);
xlabel(ax, 'i (x index)');
ylabel(ax, 'j (y index)');
zlabel(ax, 'field');
title(ax, sprintf('field (%d x %d)', ny, nx));
set(ax, 'FontSize', 12, 'LineWidth', 1);
set(h, 'EdgeColor', 'k');
drawnow;
