% Auto-generated MATLAB script
field = [ ...
    1.00000000E+00   1.00000000E+00   1.00000000E+00   1.00000000E+00   1.00000000E+00   1.00000000E+00   1.00000000E+00   1.00000000E+00   1.00000000E+00   1.00000000E+00   1.00000000E+00   1.00000000E+00   1.00000000E+00   1.00000000E+00   1.00000000E+00   1.00000000E+00   1.00000000E+00   1.00000000E+00   1.00000000E+00   1.00000000E+00   1.00000000E+00; ...
    1.00000000E+00   9.96245444E-01   9.92583930E-01   9.89104033E-01   9.85894144E-01   9.83029604E-01   9.80585575E-01   9.78616595E-01   9.77177501E-01   9.76296782E-01   9.76003170E-01   9.76296782E-01   9.77177501E-01   9.78616595E-01   9.80585575E-01   9.83029604E-01   9.85894144E-01   9.89104033E-01   9.92583930E-01   9.96245444E-01   1.00000000E+00; ...
    1.00000000E+00   9.92583930E-01   9.85349476E-01   9.78478134E-01   9.72133696E-01   9.66479838E-01   9.61646438E-01   9.57763314E-01   9.54913735E-01   9.53181088E-01   9.52593982E-01   9.53181088E-01   9.54913735E-01   9.57763314E-01   9.61646438E-01   9.66479838E-01   9.72133696E-01   9.78478134E-01   9.85349476E-01   9.92583930E-01   1.00000000E+00; ...
    1.00000000E+00   9.89104033E-01   9.78478134E-01   9.68379200E-01   9.59063947E-01   9.50750828E-01   9.43657994E-01   9.37944114E-01   9.33767617E-01   9.31211710E-01   9.30359781E-01   9.31211710E-01   9.33767617E-01   9.37944114E-01   9.43657994E-01   9.50750828E-01   9.59063947E-01   9.68379200E-01   9.78478134E-01   9.89104033E-01   1.00000000E+00; ...
    1.00000000E+00   9.85894144E-01   9.72133696E-01   9.59063947E-01   9.46996391E-01   9.36242402E-01   9.27048922E-01   9.19663012E-01   9.14242923E-01   9.10947263E-01   9.09830511E-01   9.10947263E-01   9.14242923E-01   9.19663012E-01   9.27048922E-01   9.36242402E-01   9.46996391E-01   9.59063947E-01   9.72133696E-01   9.85894144E-01   1.00000000E+00; ...
    1.00000000E+00   9.83029604E-01   9.66479838E-01   9.50750828E-01   9.36242402E-01   9.23294663E-01   9.12247777E-01   9.03348386E-01   8.96843553E-01   8.92862737E-01   8.91535878E-01   8.92862737E-01   8.96843553E-01   9.03348386E-01   9.12247777E-01   9.23294663E-01   9.36242402E-01   9.50750828E-01   9.66479838E-01   9.83029604E-01   1.00000000E+00; ...
    1.00000000E+00   9.80585575E-01   9.61646438E-01   9.43657994E-01   9.27048922E-01   9.12247777E-01   8.99594426E-01   8.89428854E-01   8.81968975E-01   8.77433062E-01   8.75895977E-01   8.77433062E-01   8.81968975E-01   8.89428854E-01   8.99594426E-01   9.12247777E-01   9.27048922E-01   9.43657994E-01   9.61646438E-01   9.80585575E-01   1.00000000E+00; ...
    1.00000000E+00   9.78616595E-01   9.57763314E-01   9.37944114E-01   9.19663012E-01   9.03348386E-01   8.89428854E-01   8.78215313E-01   8.70018899E-01   8.65002930E-01   8.63331020E-01   8.65002930E-01   8.70018899E-01   8.78215313E-01   8.89428854E-01   9.03348386E-01   9.19663012E-01   9.37944114E-01   9.57763314E-01   9.78616595E-01   1.00000000E+00; ...
    1.00000000E+00   9.77177501E-01   9.54913735E-01   9.33767617E-01   9.14242923E-01   8.96843553E-01   8.81968975E-01   8.70018899E-01   8.61249566E-01   8.55917335E-01   8.54110479E-01   8.55917335E-01   8.61249566E-01   8.70018899E-01   8.81968975E-01   8.96843553E-01   9.14242923E-01   9.33767617E-01   9.54913735E-01   9.77177501E-01   1.00000000E+00; ...
    1.00000000E+00   9.76296782E-01   9.53181088E-01   9.31211710E-01   9.10947263E-01   8.92862737E-01   8.77433062E-01   8.65002930E-01   8.55917335E-01   8.50357294E-01   8.48503828E-01   8.50357294E-01   8.55917335E-01   8.65002930E-01   8.77433062E-01   8.92862737E-01   9.10947263E-01   9.31211710E-01   9.53181088E-01   9.76296782E-01   1.00000000E+00; ...
    1.00000000E+00   9.76003170E-01   9.52593982E-01   9.30359781E-01   9.09830511E-01   8.91535878E-01   8.75895977E-01   8.63331020E-01   8.54110479E-01   8.48503828E-01   8.46604109E-01   8.48503828E-01   8.54110479E-01   8.63331020E-01   8.75895977E-01   8.91535878E-01   9.09830511E-01   9.30359781E-01   9.52593982E-01   9.76003170E-01   1.00000000E+00; ...
    1.00000000E+00   9.76296782E-01   9.53181088E-01   9.31211710E-01   9.10947263E-01   8.92862737E-01   8.77433062E-01   8.65002930E-01   8.55917335E-01   8.50357294E-01   8.48503828E-01   8.50357294E-01   8.55917335E-01   8.65002930E-01   8.77433062E-01   8.92862737E-01   9.10947263E-01   9.31211710E-01   9.53181088E-01   9.76296782E-01   1.00000000E+00; ...
    1.00000000E+00   9.77177501E-01   9.54913735E-01   9.33767617E-01   9.14242923E-01   8.96843553E-01   8.81968975E-01   8.70018899E-01   8.61249566E-01   8.55917335E-01   8.54110479E-01   8.55917335E-01   8.61249566E-01   8.70018899E-01   8.81968975E-01   8.96843553E-01   9.14242923E-01   9.33767617E-01   9.54913735E-01   9.77177501E-01   1.00000000E+00; ...
    1.00000000E+00   9.78616595E-01   9.57763314E-01   9.37944114E-01   9.19663012E-01   9.03348386E-01   8.89428854E-01   8.78215313E-01   8.70018899E-01   8.65002930E-01   8.63331020E-01   8.65002930E-01   8.70018899E-01   8.78215313E-01   8.89428854E-01   9.03348386E-01   9.19663012E-01   9.37944114E-01   9.57763314E-01   9.78616595E-01   1.00000000E+00; ...
    1.00000000E+00   9.80585575E-01   9.61646438E-01   9.43657994E-01   9.27048922E-01   9.12247777E-01   8.99594426E-01   8.89428854E-01   8.81968975E-01   8.77433062E-01   8.75895977E-01   8.77433062E-01   8.81968975E-01   8.89428854E-01   8.99594426E-01   9.12247777E-01   9.27048922E-01   9.43657994E-01   9.61646438E-01   9.80585575E-01   1.00000000E+00; ...
    1.00000000E+00   9.83029604E-01   9.66479838E-01   9.50750828E-01   9.36242402E-01   9.23294663E-01   9.12247777E-01   9.03348386E-01   8.96843553E-01   8.92862737E-01   8.91535878E-01   8.92862737E-01   8.96843553E-01   9.03348386E-01   9.12247777E-01   9.23294663E-01   9.36242402E-01   9.50750828E-01   9.66479838E-01   9.83029604E-01   1.00000000E+00; ...
    1.00000000E+00   9.85894144E-01   9.72133696E-01   9.59063947E-01   9.46996391E-01   9.36242402E-01   9.27048922E-01   9.19663012E-01   9.14242923E-01   9.10947263E-01   9.09830511E-01   9.10947263E-01   9.14242923E-01   9.19663012E-01   9.27048922E-01   9.36242402E-01   9.46996391E-01   9.59063947E-01   9.72133696E-01   9.85894144E-01   1.00000000E+00; ...
    1.00000000E+00   9.89104033E-01   9.78478134E-01   9.68379200E-01   9.59063947E-01   9.50750828E-01   9.43657994E-01   9.37944114E-01   9.33767617E-01   9.31211710E-01   9.30359781E-01   9.31211710E-01   9.33767617E-01   9.37944114E-01   9.43657994E-01   9.50750828E-01   9.59063947E-01   9.68379200E-01   9.78478134E-01   9.89104033E-01   1.00000000E+00; ...
    1.00000000E+00   9.92583930E-01   9.85349476E-01   9.78478134E-01   9.72133696E-01   9.66479838E-01   9.61646438E-01   9.57763314E-01   9.54913735E-01   9.53181088E-01   9.52593982E-01   9.53181088E-01   9.54913735E-01   9.57763314E-01   9.61646438E-01   9.66479838E-01   9.72133696E-01   9.78478134E-01   9.85349476E-01   9.92583930E-01   1.00000000E+00; ...
    1.00000000E+00   9.96245444E-01   9.92583930E-01   9.89104033E-01   9.85894144E-01   9.83029604E-01   9.80585575E-01   9.78616595E-01   9.77177501E-01   9.76296782E-01   9.76003170E-01   9.76296782E-01   9.77177501E-01   9.78616595E-01   9.80585575E-01   9.83029604E-01   9.85894144E-01   9.89104033E-01   9.92583930E-01   9.96245444E-01   1.00000000E+00; ...
    1.00000000E+00   1.00000000E+00   1.00000000E+00   1.00000000E+00   1.00000000E+00   1.00000000E+00   1.00000000E+00   1.00000000E+00   1.00000000E+00   1.00000000E+00   1.00000000E+00   1.00000000E+00   1.00000000E+00   1.00000000E+00   1.00000000E+00   1.00000000E+00   1.00000000E+00   1.00000000E+00   1.00000000E+00   1.00000000E+00   1.00000000E+00 ];

% Surface plot (auto-generated)
[ny, nx] = size(field);
[X, Y] = meshgrid(1:nx, 1:ny);
fig = figure('Color','w');
ax = axes('Parent', fig);
h = surf(ax, X, Y, field);
shading(ax, 'interp');
colormap(ax, parula);
cb = colorbar(ax);
cb.Label.String = 'field value';
grid(ax, 'on');
box(ax, 'on');
axis(ax, 'tight');
view(ax, 45, 30);
xlabel(ax, 'i (x index)');
ylabel(ax, 'j (y index)');
zlabel(ax, 'field');
title(ax, sprintf('field (%d x %d)', ny, nx));
set(ax, 'FontSize', 12, 'LineWidth', 1);
set(h, 'EdgeColor', 'k');
drawnow;
