% Auto-generated MATLAB script
field = [ ...
    1.00000000E+00   1.00000000E+00   1.00000000E+00   1.00000000E+00   1.00000000E+00   1.00000000E+00   1.00000000E+00   1.00000000E+00   1.00000000E+00   1.00000000E+00   1.00000000E+00   1.00000000E+00   1.00000000E+00   1.00000000E+00   1.00000000E+00   1.00000000E+00   1.00000000E+00   1.00000000E+00   1.00000000E+00   1.00000000E+00   1.00000000E+00; ...
    1.00000000E+00   9.91023540E-01   9.82273459E-01   9.73964214E-01   9.66308832E-01   9.59486127E-01   9.53673601E-01   9.48997200E-01   9.45583284E-01   9.43495631E-01   9.42800224E-01   9.43495631E-01   9.45583284E-01   9.48997200E-01   9.53673601E-01   9.59486127E-01   9.66308832E-01   9.73964214E-01   9.82273459E-01   9.91023540E-01   1.00000000E+00; ...
    1.00000000E+00   9.82273459E-01   9.64988470E-01   9.48585212E-01   9.33457017E-01   9.19994235E-01   9.08501267E-01   8.99280906E-01   8.92522335E-01   8.88416469E-01   8.87025595E-01   8.88416469E-01   8.92522335E-01   8.99280906E-01   9.08501267E-01   9.19994235E-01   9.33457017E-01   9.48585212E-01   9.64988470E-01   9.82273459E-01   1.00000000E+00; ...
    1.00000000E+00   9.73964214E-01   9.48585212E-01   9.24484789E-01   9.02280807E-01   8.82492006E-01   8.65632951E-01   8.52069557E-01   8.42167497E-01   8.36112559E-01   8.34095478E-01   8.36112559E-01   8.42167497E-01   8.52069557E-01   8.65632951E-01   8.82492006E-01   9.02280807E-01   9.24484789E-01   9.48585212E-01   9.73964214E-01   1.00000000E+00; ...
    1.00000000E+00   9.66308832E-01   9.33457017E-01   9.02280807E-01   8.73528123E-01   8.47940683E-01   8.26097250E-01   8.08572888E-01   7.95727551E-01   7.87923932E-01   7.85280466E-01   7.87923932E-01   7.95727551E-01   8.08572888E-01   8.26097250E-01   8.47940683E-01   8.73528183E-01   9.02280807E-01   9.33457017E-01   9.66308832E-01   1.00000000E+00; ...
    1.00000000E+00   9.59486127E-01   9.19994235E-01   8.82492006E-01   8.47940683E-01   8.17147851E-01   7.90913582E-01   7.69807994E-01   7.54399478E-01   7.44977593E-01   7.41838694E-01   7.44977593E-01   7.54399478E-01   7.69807994E-01   7.90913582E-01   8.17147851E-01   8.47940683E-01   8.82492065E-01   9.19994235E-01   9.59486127E-01   1.00000000E+00; ...
    1.00000000E+00   9.53673601E-01   9.08501267E-01   8.65632951E-01   8.26097250E-01   7.90913582E-01   7.60878444E-01   7.36781716E-01   7.19119191E-01   7.08388805E-01   7.04754174E-01   7.08388805E-01   7.19119191E-01   7.36781716E-01   7.60878444E-01   7.90913582E-01   8.26097310E-01   8.65632951E-01   9.08501327E-01   9.53673601E-01   1.00000000E+00; ...
    1.00000000E+00   9.48997200E-01   8.99280906E-01   8.52069557E-01   8.08572888E-01   7.69807994E-01   7.36781716E-01   7.10212111E-01   6.90814257E-01   6.78953350E-01   6.75001562E-01   6.78953350E-01   6.90814257E-01   7.10212171E-01   7.36781716E-01   7.69808054E-01   8.08572888E-01   8.52069616E-01   8.99280906E-01   9.48997259E-01   1.00000000E+00; ...
    1.00000000E+00   9.45583284E-01   8.92522335E-01   8.42167497E-01   7.95727551E-01   7.54399478E-01   7.19119191E-01   6.90814257E-01   6.70067310E-01   6.57462895E-01   6.53193712E-01   6.57462895E-01   6.70067310E-01   6.90814257E-01   7.19119191E-01   7.54399478E-01   7.95727611E-01   8.42167497E-01   8.92522335E-01   9.45583284E-01   1.00000000E+00; ...
    1.00000000E+00   9.43495631E-01   8.88416469E-01   8.36112559E-01   7.87923932E-01   7.44977593E-01   7.08388805E-01   6.78953350E-01   6.57462895E-01   6.44322753E-01   6.39944553E-01   6.44322753E-01   6.57462895E-01   6.78953350E-01   7.08388805E-01   7.44977713E-01   7.87923932E-01   8.36112618E-01   8.88416469E-01   9.43495631E-01   1.00000000E+00; ...
    1.00000000E+00   9.42800224E-01   8.87025595E-01   8.34095478E-01   7.85280466E-01   7.41838694E-01   7.04754174E-01   6.75001562E-01   6.53193712E-01   6.39944553E-01   6.35457158E-01   6.39944553E-01   6.53193712E-01   6.75001562E-01   7.04754233E-01   7.41838694E-01   7.85280585E-01   8.34095478E-01   8.87025595E-01   9.42800224E-01   1.00000000E+00; ...
    1.00000000E+00   9.43495631E-01   8.88416469E-01   8.36112559E-01   7.87923932E-01   7.44977593E-01   7.08388805E-01   6.78953350E-01   6.57462895E-01   6.44322753E-01   6.39944553E-01   6.44322753E-01   6.57462895E-01   6.78953350E-01   7.08388805E-01   7.44977713E-01   7.87923932E-01   8.36112618E-01   8.88416469E-01   9.43495631E-01   1.00000000E+00; ...
    1.00000000E+00   9.45583284E-01   8.92522335E-01   8.42167497E-01   7.95727551E-01   7.54399478E-01   7.19119191E-01   6.90814257E-01   6.70067310E-01   6.57462895E-01   6.53193712E-01   6.57462895E-01   6.70067310E-01   6.90814257E-01   7.19119191E-01   7.54399478E-01   7.95727611E-01   8.42167497E-01   8.92522335E-01   9.45583284E-01   1.00000000E+00; ...
    1.00000000E+00   9.48997200E-01   8.99280906E-01   8.52069557E-01   8.08572888E-01   7.69807994E-01   7.36781716E-01   7.10212171E-01   6.90814257E-01   6.78953350E-01   6.75001562E-01   6.78953350E-01   6.90814257E-01   7.10212171E-01   7.36781716E-01   7.69808054E-01   8.08572888E-01   8.52069616E-01   8.99280906E-01   9.48997259E-01   1.00000000E+00; ...
    1.00000000E+00   9.53673601E-01   9.08501267E-01   8.65632951E-01   8.26097250E-01   7.90913582E-01   7.60878444E-01   7.36781716E-01   7.19119191E-01   7.08388805E-01   7.04754233E-01   7.08388805E-01   7.19119191E-01   7.36781716E-01   7.60878444E-01   7.90913582E-01   8.26097310E-01   8.65632951E-01   9.08501327E-01   9.53673601E-01   1.00000000E+00; ...
    1.00000000E+00   9.59486127E-01   9.19994235E-01   8.82492006E-01   8.47940683E-01   8.17147851E-01   7.90913582E-01   7.69808054E-01   7.54399478E-01   7.44977713E-01   7.41838694E-01   7.44977713E-01   7.54399478E-01   7.69808054E-01   7.90913582E-01   8.17147851E-01   8.47940683E-01   8.82492065E-01   9.19994235E-01   9.59486127E-01   1.00000000E+00; ...
    1.00000000E+00   9.66308832E-01   9.33457017E-01   9.02280807E-01   8.73528183E-01   8.47940683E-01   8.26097310E-01   8.08572888E-01   7.95727611E-01   7.87923932E-01   7.85280585E-01   7.87923932E-01   7.95727611E-01   8.08572888E-01   8.26097310E-01   8.47940683E-01   8.73528183E-01   9.02280807E-01   9.33457017E-01   9.66308832E-01   1.00000000E+00; ...
    1.00000000E+00   9.73964214E-01   9.48585212E-01   9.24484789E-01   9.02280807E-01   8.82492065E-01   8.65632951E-01   8.52069616E-01   8.42167497E-01   8.36112618E-01   8.34095478E-01   8.36112618E-01   8.42167497E-01   8.52069616E-01   8.65632951E-01   8.82492065E-01   9.02280807E-01   9.24484789E-01   9.48585212E-01   9.73964214E-01   1.00000000E+00; ...
    1.00000000E+00   9.82273459E-01   9.64988470E-01   9.48585212E-01   9.33457017E-01   9.19994235E-01   9.08501327E-01   8.99280906E-01   8.92522335E-01   8.88416469E-01   8.87025595E-01   8.88416469E-01   8.92522335E-01   8.99280906E-01   9.08501327E-01   9.19994235E-01   9.33457017E-01   9.48585212E-01   9.64988470E-01   9.82273459E-01   1.00000000E+00; ...
    1.00000000E+00   9.91023540E-01   9.82273459E-01   9.73964214E-01   9.66308832E-01   9.59486127E-01   9.53673601E-01   9.48997259E-01   9.45583284E-01   9.43495631E-01   9.42800224E-01   9.43495631E-01   9.45583284E-01   9.48997259E-01   9.53673601E-01   9.59486127E-01   9.66308832E-01   9.73964214E-01   9.82273459E-01   9.91023540E-01   1.00000000E+00; ...
    1.00000000E+00   1.00000000E+00   1.00000000E+00   1.00000000E+00   1.00000000E+00   1.00000000E+00   1.00000000E+00   1.00000000E+00   1.00000000E+00   1.00000000E+00   1.00000000E+00   1.00000000E+00   1.00000000E+00   1.00000000E+00   1.00000000E+00   1.00000000E+00   1.00000000E+00   1.00000000E+00   1.00000000E+00   1.00000000E+00   1.00000000E+00 ];

% Surface plot (auto-generated)
[ny, nx] = size(field);
[X, Y] = meshgrid(1:nx, 1:ny);
fig = figure('Color','w');
ax = axes('Parent', fig);
h = surf(ax, X, Y, field);
shading(ax, 'interp');
colormap(ax, parula);
cb = colorbar(ax);
cb.Label.String = 'field value';
grid(ax, 'on');
box(ax, 'on');
axis(ax, 'tight');
view(ax, 45, 30);
xlabel(ax, 'i (x index)');
ylabel(ax, 'j (y index)');
zlabel(ax, 'field');
title(ax, sprintf('field (%d x %d)', ny, nx));
set(ax, 'FontSize', 12, 'LineWidth', 1);
set(h, 'EdgeColor', 'k');
drawnow;
