% Auto-generated MATLAB script
field = [ ...
    1.00000000E+00   1.00000000E+00   1.00000000E+00   1.00000000E+00   1.00000000E+00   1.00000000E+00   1.00000000E+00   1.00000000E+00   1.00000000E+00   1.00000000E+00   1.00000000E+00   1.00000000E+00   1.00000000E+00   1.00000000E+00   1.00000000E+00   1.00000000E+00   1.00000000E+00   1.00000000E+00   1.00000000E+00   1.00000000E+00   1.00000000E+00; ...
    1.00000000E+00   9.89809155E-01   9.79878426E-01   9.70453203E-01   9.61776495E-01   9.54050601E-01   9.47475016E-01   9.42189574E-01   9.38334107E-01   9.35977757E-01   9.35193121E-01   9.35977757E-01   9.38334107E-01   9.42189574E-01   9.47475016E-01   9.54050601E-01   9.61776495E-01   9.70453203E-01   9.79878426E-01   9.89809155E-01   1.00000000E+00; ...
    1.00000000E+00   9.79878426E-01   9.60263848E-01   9.41660404E-01   9.24516201E-01   9.09273624E-01   8.96273673E-01   8.85854125E-01   8.78222287E-01   8.73588860E-01   8.72019589E-01   8.73588860E-01   8.78222287E-01   8.85854125E-01   8.96273673E-01   9.09273624E-01   9.24516201E-01   9.41660404E-01   9.60263848E-01   9.79878426E-01   1.00000000E+00; ...
    1.00000000E+00   9.70453203E-01   9.41660404E-01   9.14333344E-01   8.89176488E-01   8.66776347E-01   8.47711325E-01   8.32387149E-01   8.21208656E-01   8.14376950E-01   8.12101901E-01   8.14376950E-01   8.21208656E-01   8.32387149E-01   8.47711325E-01   8.66776347E-01   8.89176488E-01   9.14333344E-01   9.41660404E-01   9.70453203E-01   1.00000000E+00; ...
    1.00000000E+00   9.61776495E-01   9.24516201E-01   8.89176488E-01   8.56609106E-01   8.27653766E-01   8.02958965E-01   7.83165634E-01   7.68668354E-01   7.59866476E-01   7.56885648E-01   7.59866476E-01   7.68668354E-01   7.83165634E-01   8.02958965E-01   8.27653766E-01   8.56609106E-01   8.89176488E-01   9.24516201E-01   9.61776495E-01   1.00000000E+00; ...
    1.00000000E+00   9.54050601E-01   9.09273624E-01   8.66776347E-01   8.27653766E-01   7.92818666E-01   7.63169765E-01   7.39338875E-01   7.21954584E-01   7.11330652E-01   7.07792401E-01   7.11330652E-01   7.21954584E-01   7.39338875E-01   7.63169765E-01   7.92818666E-01   8.27653766E-01   8.66776347E-01   9.09273624E-01   9.54050601E-01   1.00000000E+00; ...
    1.00000000E+00   9.47475016E-01   8.96273673E-01   8.47711325E-01   8.02958965E-01   7.63169765E-01   7.29235649E-01   7.02036381E-01   6.82115376E-01   6.70019865E-01   6.65924132E-01   6.70019865E-01   6.82115376E-01   7.02036381E-01   7.29235709E-01   7.63169765E-01   8.02958965E-01   8.47711325E-01   8.96273673E-01   9.47475016E-01   1.00000000E+00; ...
    1.00000000E+00   9.42189574E-01   8.85854125E-01   8.32387149E-01   7.83165634E-01   7.39338875E-01   7.02036381E-01   6.72054410E-01   6.50182426E-01   6.36816561E-01   6.32364631E-01   6.36816561E-01   6.50182426E-01   6.72054410E-01   7.02036381E-01   7.39338875E-01   7.83165634E-01   8.32387149E-01   8.85854125E-01   9.42189574E-01   1.00000000E+00; ...
    1.00000000E+00   9.38334107E-01   8.78222287E-01   8.21208656E-01   7.68668354E-01   7.21954584E-01   6.82115376E-01   6.50182426E-01   6.26794934E-01   6.12594247E-01   6.07786059E-01   6.12594247E-01   6.26794934E-01   6.50182426E-01   6.82115436E-01   7.21954584E-01   7.68668413E-01   8.21208656E-01   8.78222287E-01   9.38334107E-01   1.00000000E+00; ...
    1.00000000E+00   9.35977757E-01   8.73588860E-01   8.14376950E-01   7.59866476E-01   7.11330652E-01   6.70019865E-01   6.36816561E-01   6.12594247E-01   5.97792506E-01   5.92861891E-01   5.97792506E-01   6.12594247E-01   6.36816561E-01   6.70019865E-01   7.11330652E-01   7.59866476E-01   8.14376950E-01   8.73588860E-01   9.35977757E-01   1.00000000E+00; ...
    1.00000000E+00   9.35193121E-01   8.72019589E-01   8.12101901E-01   7.56885648E-01   7.07792401E-01   6.65924132E-01   6.32364631E-01   6.07786059E-01   5.92861891E-01   5.87809026E-01   5.92861891E-01   6.07786059E-01   6.32364631E-01   6.65924191E-01   7.07792401E-01   7.56885648E-01   8.12101901E-01   8.72019589E-01   9.35193121E-01   1.00000000E+00; ...
    1.00000000E+00   9.35977757E-01   8.73588860E-01   8.14376950E-01   7.59866476E-01   7.11330652E-01   6.70019865E-01   6.36816561E-01   6.12594247E-01   5.97792506E-01   5.92861891E-01   5.97792506E-01   6.12594247E-01   6.36816561E-01   6.70019865E-01   7.11330652E-01   7.59866476E-01   8.14376950E-01   8.73588860E-01   9.35977757E-01   1.00000000E+00; ...
    1.00000000E+00   9.38334107E-01   8.78222287E-01   8.21208656E-01   7.68668354E-01   7.21954584E-01   6.82115376E-01   6.50182426E-01   6.26794934E-01   6.12594247E-01   6.07786059E-01   6.12594247E-01   6.26794934E-01   6.50182426E-01   6.82115436E-01   7.21954584E-01   7.68668413E-01   8.21208656E-01   8.78222287E-01   9.38334107E-01   1.00000000E+00; ...
    1.00000000E+00   9.42189574E-01   8.85854125E-01   8.32387149E-01   7.83165634E-01   7.39338875E-01   7.02036381E-01   6.72054410E-01   6.50182426E-01   6.36816561E-01   6.32364631E-01   6.36816561E-01   6.50182426E-01   6.72054410E-01   7.02036381E-01   7.39338875E-01   7.83165634E-01   8.32387149E-01   8.85854125E-01   9.42189574E-01   1.00000000E+00; ...
    1.00000000E+00   9.47475016E-01   8.96273673E-01   8.47711325E-01   8.02958965E-01   7.63169765E-01   7.29235709E-01   7.02036381E-01   6.82115436E-01   6.70019865E-01   6.65924191E-01   6.70019865E-01   6.82115436E-01   7.02036381E-01   7.29235709E-01   7.63169765E-01   8.02958965E-01   8.47711325E-01   8.96273673E-01   9.47475016E-01   1.00000000E+00; ...
    1.00000000E+00   9.54050601E-01   9.09273624E-01   8.66776347E-01   8.27653766E-01   7.92818666E-01   7.63169765E-01   7.39338875E-01   7.21954584E-01   7.11330652E-01   7.07792401E-01   7.11330652E-01   7.21954584E-01   7.39338875E-01   7.63169765E-01   7.92818666E-01   8.27653766E-01   8.66776347E-01   9.09273624E-01   9.54050601E-01   1.00000000E+00; ...
    1.00000000E+00   9.61776495E-01   9.24516201E-01   8.89176488E-01   8.56609106E-01   8.27653766E-01   8.02958965E-01   7.83165634E-01   7.68668413E-01   7.59866476E-01   7.56885648E-01   7.59866476E-01   7.68668413E-01   7.83165634E-01   8.02958965E-01   8.27653766E-01   8.56609106E-01   8.89176488E-01   9.24516201E-01   9.61776495E-01   1.00000000E+00; ...
    1.00000000E+00   9.70453203E-01   9.41660404E-01   9.14333344E-01   8.89176488E-01   8.66776347E-01   8.47711325E-01   8.32387149E-01   8.21208656E-01   8.14376950E-01   8.12101901E-01   8.14376950E-01   8.21208656E-01   8.32387149E-01   8.47711325E-01   8.66776347E-01   8.89176488E-01   9.14333344E-01   9.41660404E-01   9.70453203E-01   1.00000000E+00; ...
    1.00000000E+00   9.79878426E-01   9.60263848E-01   9.41660404E-01   9.24516201E-01   9.09273624E-01   8.96273673E-01   8.85854125E-01   8.78222287E-01   8.73588860E-01   8.72019589E-01   8.73588860E-01   8.78222287E-01   8.85854125E-01   8.96273673E-01   9.09273624E-01   9.24516201E-01   9.41660404E-01   9.60263848E-01   9.79878426E-01   1.00000000E+00; ...
    1.00000000E+00   9.89809155E-01   9.79878426E-01   9.70453203E-01   9.61776495E-01   9.54050601E-01   9.47475016E-01   9.42189574E-01   9.38334107E-01   9.35977757E-01   9.35193121E-01   9.35977757E-01   9.38334107E-01   9.42189574E-01   9.47475016E-01   9.54050601E-01   9.61776495E-01   9.70453203E-01   9.79878426E-01   9.89809155E-01   1.00000000E+00; ...
    1.00000000E+00   1.00000000E+00   1.00000000E+00   1.00000000E+00   1.00000000E+00   1.00000000E+00   1.00000000E+00   1.00000000E+00   1.00000000E+00   1.00000000E+00   1.00000000E+00   1.00000000E+00   1.00000000E+00   1.00000000E+00   1.00000000E+00   1.00000000E+00   1.00000000E+00   1.00000000E+00   1.00000000E+00   1.00000000E+00   1.00000000E+00 ];

% Surface plot (auto-generated)
[ny, nx] = size(field);
[X, Y] = meshgrid(1:nx, 1:ny);
fig = figure('Color','w');
ax = axes('Parent', fig);
h = surf(ax, X, Y, field);
shading(ax, 'interp');
colormap(ax, parula);
cb = colorbar(ax);
cb.Label.String = 'field value';
grid(ax, 'on');
box(ax, 'on');
axis(ax, 'tight');
view(ax, 45, 30);
xlabel(ax, 'i (x index)');
ylabel(ax, 'j (y index)');
zlabel(ax, 'field');
title(ax, sprintf('field (%d x %d)', ny, nx));
set(ax, 'FontSize', 12, 'LineWidth', 1);
set(h, 'EdgeColor', 'k');
drawnow;
