% Auto-generated MATLAB script
field = [ ...
    1.00000000E+00   1.00000000E+00   1.00000000E+00   1.00000000E+00   1.00000000E+00   1.00000000E+00   1.00000000E+00   1.00000000E+00   1.00000000E+00   1.00000000E+00   1.00000000E+00   1.00000000E+00   1.00000000E+00   1.00000000E+00   1.00000000E+00   1.00000000E+00   1.00000000E+00   1.00000000E+00   1.00000000E+00   1.00000000E+00   1.00000000E+00; ...
    1.00000000E+00   9.88408089E-01   9.77117598E-01   9.66411650E-01   9.56568778E-01   9.47817564E-01   9.40381467E-01   9.34413373E-01   9.30065870E-01   9.27411139E-01   9.26527739E-01   9.27411139E-01   9.30065870E-01   9.34413373E-01   9.40381467E-01   9.47817564E-01   9.56568778E-01   9.66411650E-01   9.77117598E-01   9.88408089E-01   1.00000000E+00; ...
    1.00000000E+00   9.77117598E-01   9.54822421E-01   9.33696508E-01   9.14252341E-01   8.96991491E-01   8.82293522E-01   8.70531440E-01   8.61927271E-01   8.56708884E-01   8.54942083E-01   8.56708884E-01   8.61927271E-01   8.70531440E-01   8.82293522E-01   8.96991491E-01   9.14252341E-01   9.33696508E-01   9.54822421E-01   9.77117598E-01   1.00000000E+00; ...
    1.00000000E+00   9.66411650E-01   9.33696508E-01   9.02675331E-01   8.74154806E-01   8.48797679E-01   8.27251077E-01   8.09958398E-01   7.97360957E-01   7.89669096E-01   7.87109196E-01   7.89669096E-01   7.97360957E-01   8.09958398E-01   8.27251077E-01   8.48797679E-01   8.74154806E-01   9.02675331E-01   9.33696508E-01   9.66411650E-01   1.00000000E+00; ...
    1.00000000E+00   9.56568778E-01   9.14252341E-01   8.74154806E-01   8.37249875E-01   8.04488420E-01   7.76591897E-01   7.54267156E-01   7.37936914E-01   7.28031993E-01   7.24679053E-01   7.28031993E-01   7.37936914E-01   7.54267156E-01   7.76591897E-01   8.04488420E-01   8.37249875E-01   8.74154806E-01   9.14252341E-01   9.56568778E-01   1.00000000E+00; ...
    1.00000000E+00   9.47817564E-01   8.96991491E-01   8.48797679E-01   8.04488420E-01   7.65094519E-01   7.31619835E-01   7.04754770E-01   6.85183346E-01   6.73233986E-01   6.69256568E-01   6.73233986E-01   6.85183346E-01   7.04754770E-01   7.31619835E-01   7.65094519E-01   8.04488420E-01   8.48797679E-01   8.96991491E-01   9.47817564E-01   1.00000000E+00; ...
    1.00000000E+00   9.40381467E-01   8.82293522E-01   8.27251077E-01   7.76591897E-01   7.31619835E-01   6.93326712E-01   6.62681222E-01   6.40265405E-01   6.26668453E-01   6.22066498E-01   6.26668453E-01   6.40265405E-01   6.62681222E-01   6.93326771E-01   7.31619835E-01   7.76591897E-01   8.27251077E-01   8.82293522E-01   9.40381467E-01   1.00000000E+00; ...
    1.00000000E+00   9.34413373E-01   8.70531440E-01   8.09958398E-01   7.54267156E-01   7.04754770E-01   6.62681222E-01   6.28916264E-01   6.04317188E-01   5.89299202E-01   5.84299564E-01   5.89299262E-01   6.04317188E-01   6.28916264E-01   6.62681222E-01   7.04754770E-01   7.54267156E-01   8.09958398E-01   8.70531440E-01   9.34413373E-01   1.00000000E+00; ...
    1.00000000E+00   9.30065870E-01   8.61927271E-01   7.97360957E-01   7.37936914E-01   6.85183346E-01   6.40265405E-01   6.04317188E-01   5.78023672E-01   5.62073708E-01   5.56676149E-01   5.62073708E-01   5.78023672E-01   6.04317188E-01   6.40265465E-01   6.85183346E-01   7.37936914E-01   7.97360957E-01   8.61927271E-01   9.30065870E-01   1.00000000E+00; ...
    1.00000000E+00   9.27411139E-01   8.56708884E-01   7.89669096E-01   7.28031993E-01   6.73233986E-01   6.26668453E-01   5.89299202E-01   5.62073708E-01   5.45452952E-01   5.39919078E-01   5.45452952E-01   5.62073708E-01   5.89299262E-01   6.26668453E-01   6.73233986E-01   7.28031993E-01   7.89669096E-01   8.56708884E-01   9.27411139E-01   1.00000000E+00; ...
    1.00000000E+00   9.26527739E-01   8.54942083E-01   7.87109196E-01   7.24679053E-01   6.69256568E-01   6.22066498E-01   5.84299564E-01   5.56676149E-01   5.39919078E-01   5.34248710E-01   5.39919078E-01   5.56676149E-01   5.84299564E-01   6.22066498E-01   6.69256568E-01   7.24679053E-01   7.87109196E-01   8.54942083E-01   9.26527739E-01   1.00000000E+00; ...
    1.00000000E+00   9.27411139E-01   8.56708884E-01   7.89669096E-01   7.28031993E-01   6.73233986E-01   6.26668453E-01   5.89299262E-01   5.62073708E-01   5.45452952E-01   5.39919078E-01   5.45452952E-01   5.62073708E-01   5.89299262E-01   6.26668453E-01   6.73233986E-01   7.28031993E-01   7.89669096E-01   8.56708884E-01   9.27411139E-01   1.00000000E+00; ...
    1.00000000E+00   9.30065870E-01   8.61927271E-01   7.97360957E-01   7.37936914E-01   6.85183346E-01   6.40265405E-01   6.04317188E-01   5.78023672E-01   5.62073708E-01   5.56676149E-01   5.62073708E-01   5.78023672E-01   6.04317188E-01   6.40265465E-01   6.85183346E-01   7.37936914E-01   7.97360957E-01   8.61927271E-01   9.30065870E-01   1.00000000E+00; ...
    1.00000000E+00   9.34413373E-01   8.70531440E-01   8.09958398E-01   7.54267156E-01   7.04754770E-01   6.62681222E-01   6.28916264E-01   6.04317188E-01   5.89299262E-01   5.84299564E-01   5.89299262E-01   6.04317188E-01   6.28916264E-01   6.62681222E-01   7.04754770E-01   7.54267156E-01   8.09958398E-01   8.70531440E-01   9.34413373E-01   1.00000000E+00; ...
    1.00000000E+00   9.40381467E-01   8.82293522E-01   8.27251077E-01   7.76591897E-01   7.31619835E-01   6.93326771E-01   6.62681222E-01   6.40265465E-01   6.26668453E-01   6.22066498E-01   6.26668453E-01   6.40265465E-01   6.62681222E-01   6.93326771E-01   7.31619835E-01   7.76591897E-01   8.27251077E-01   8.82293522E-01   9.40381467E-01   1.00000000E+00; ...
    1.00000000E+00   9.47817564E-01   8.96991491E-01   8.48797679E-01   8.04488420E-01   7.65094519E-01   7.31619835E-01   7.04754770E-01   6.85183346E-01   6.73233986E-01   6.69256568E-01   6.73233986E-01   6.85183346E-01   7.04754770E-01   7.31619835E-01   7.65094519E-01   8.04488420E-01   8.48797679E-01   8.96991491E-01   9.47817564E-01   1.00000000E+00; ...
    1.00000000E+00   9.56568778E-01   9.14252341E-01   8.74154806E-01   8.37249875E-01   8.04488420E-01   7.76591897E-01   7.54267156E-01   7.37936914E-01   7.28031993E-01   7.24679053E-01   7.28031993E-01   7.37936914E-01   7.54267156E-01   7.76591897E-01   8.04488420E-01   8.37249875E-01   8.74154806E-01   9.14252341E-01   9.56568778E-01   1.00000000E+00; ...
    1.00000000E+00   9.66411650E-01   9.33696508E-01   9.02675331E-01   8.74154806E-01   8.48797679E-01   8.27251077E-01   8.09958398E-01   7.97360957E-01   7.89669096E-01   7.87109196E-01   7.89669096E-01   7.97360957E-01   8.09958398E-01   8.27251077E-01   8.48797679E-01   8.74154806E-01   9.02675331E-01   9.33696508E-01   9.66411650E-01   1.00000000E+00; ...
    1.00000000E+00   9.77117598E-01   9.54822421E-01   9.33696508E-01   9.14252341E-01   8.96991491E-01   8.82293522E-01   8.70531440E-01   8.61927271E-01   8.56708884E-01   8.54942083E-01   8.56708884E-01   8.61927271E-01   8.70531440E-01   8.82293522E-01   8.96991491E-01   9.14252341E-01   9.33696508E-01   9.54822421E-01   9.77117598E-01   1.00000000E+00; ...
    1.00000000E+00   9.88408089E-01   9.77117598E-01   9.66411650E-01   9.56568778E-01   9.47817564E-01   9.40381467E-01   9.34413373E-01   9.30065870E-01   9.27411139E-01   9.26527739E-01   9.27411139E-01   9.30065870E-01   9.34413373E-01   9.40381467E-01   9.47817564E-01   9.56568778E-01   9.66411650E-01   9.77117598E-01   9.88408089E-01   1.00000000E+00; ...
    1.00000000E+00   1.00000000E+00   1.00000000E+00   1.00000000E+00   1.00000000E+00   1.00000000E+00   1.00000000E+00   1.00000000E+00   1.00000000E+00   1.00000000E+00   1.00000000E+00   1.00000000E+00   1.00000000E+00   1.00000000E+00   1.00000000E+00   1.00000000E+00   1.00000000E+00   1.00000000E+00   1.00000000E+00   1.00000000E+00   1.00000000E+00 ];

% Surface plot (auto-generated)
[ny, nx] = size(field);
[X, Y] = meshgrid(1:nx, 1:ny);
fig = figure('Color','w');
ax = axes('Parent', fig);
h = surf(ax, X, Y, field);
shading(ax, 'interp');
colormap(ax, parula);
cb = colorbar(ax);
cb.Label.String = 'field value';
grid(ax, 'on');
box(ax, 'on');
axis(ax, 'tight');
view(ax, 45, 30);
xlabel(ax, 'i (x index)');
ylabel(ax, 'j (y index)');
zlabel(ax, 'field');
title(ax, sprintf('field (%d x %d)', ny, nx));
set(ax, 'FontSize', 12, 'LineWidth', 1);
set(h, 'EdgeColor', 'k');
drawnow;
