% Auto-generated MATLAB script
field = [ ...
    1.00000000E+00   1.00000000E+00   1.00000000E+00   1.00000000E+00   1.00000000E+00   1.00000000E+00   1.00000000E+00   1.00000000E+00   1.00000000E+00   1.00000000E+00   1.00000000E+00   1.00000000E+00   1.00000000E+00   1.00000000E+00   1.00000000E+00   1.00000000E+00   1.00000000E+00   1.00000000E+00   1.00000000E+00   1.00000000E+00   1.00000000E+00; ...
    1.00000000E+00   9.75310206E-01   9.51582551E-01   9.29642379E-01   9.10203278E-01   8.93658698E-01   8.80287707E-01   8.70057285E-01   8.62934828E-01   8.58718097E-01   8.57346416E-01   8.58718097E-01   8.62934828E-01   8.70057285E-01   8.80287707E-01   8.93658698E-01   9.10203278E-01   9.29642379E-01   9.51582551E-01   9.75310206E-01   1.00000000E+00; ...
    1.00000000E+00   9.51582551E-01   9.05016899E-01   8.62026334E-01   8.23848844E-01   7.91460454E-01   7.65177846E-01   7.45176435E-01   7.31152117E-01   7.22939253E-01   7.20195889E-01   7.22939253E-01   7.31152117E-01   7.45176435E-01   7.65177846E-01   7.91460454E-01   8.23848844E-01   8.62026334E-01   9.05016899E-01   9.51582551E-01   1.00000000E+00; ...
    1.00000000E+00   9.29642379E-01   8.62026334E-01   7.99512148E-01   7.44123220E-01   6.96993828E-01   6.58902466E-01   6.29769087E-01   6.09481990E-01   5.97478628E-01   5.93569219E-01   5.97478628E-01   6.09481990E-01   6.29769087E-01   6.58902466E-01   6.96993828E-01   7.44123220E-01   7.99512148E-01   8.62026334E-01   9.29642379E-01   1.00000000E+00; ...
    1.00000000E+00   9.10203278E-01   8.23848844E-01   7.44123220E-01   6.73342526E-01   6.13291979E-01   5.64583421E-01   5.27509689E-01   5.01531363E-01   4.86309111E-01   4.81233656E-01   4.86309111E-01   5.01531363E-01   5.27509689E-01   5.64583421E-01   6.13291979E-01   6.73342526E-01   7.44123220E-01   8.23848844E-01   9.10203278E-01   1.00000000E+00; ...
    1.00000000E+00   8.93658698E-01   7.91460454E-01   6.96993828E-01   6.13291979E-01   5.42101979E-01   4.84558046E-01   4.40574616E-01   4.09935713E-01   3.91825855E-01   3.85915577E-01   3.91825855E-01   4.09935713E-01   4.40574616E-01   4.84558046E-01   5.42101979E-01   6.13291979E-01   6.96993828E-01   7.91460454E-01   8.93658698E-01   1.00000000E+00; ...
    1.00000000E+00   8.80287707E-01   7.65177846E-01   6.58902466E-01   5.64583421E-01   4.84558046E-01   4.19684052E-01   3.70296180E-01   3.35717231E-01   3.15440208E-01   3.08695197E-01   3.15440208E-01   3.35717231E-01   3.70296180E-01   4.19684052E-01   4.84558046E-01   5.64583421E-01   6.58902466E-01   7.65177846E-01   8.80287707E-01   1.00000000E+00; ...
    1.00000000E+00   8.70057285E-01   7.45176435E-01   6.29769087E-01   5.27509689E-01   4.40574616E-01   3.70296180E-01   3.16614330E-01   2.79205799E-01   2.57117838E-01   2.49894112E-01   2.57117838E-01   2.79205799E-01   3.16614330E-01   3.70296180E-01   4.40574616E-01   5.27509689E-01   6.29769087E-01   7.45176435E-01   8.70057285E-01   1.00000000E+00; ...
    1.00000000E+00   8.62934828E-01   7.31152117E-01   6.09481990E-01   5.01531363E-01   4.09935713E-01   3.35717231E-01   2.79205799E-01   2.39666373E-01   2.16466039E-01   2.08763689E-01   2.16466039E-01   2.39666373E-01   2.79205799E-01   3.35717231E-01   4.09935713E-01   5.01531363E-01   6.09481990E-01   7.31152117E-01   8.62934828E-01   1.00000000E+00; ...
    1.00000000E+00   8.58718097E-01   7.22939253E-01   5.97478628E-01   4.86309111E-01   3.91825855E-01   3.15440208E-01   2.57117838E-01   2.16466039E-01   1.92479149E-01   1.84623897E-01   1.92479149E-01   2.16466039E-01   2.57117838E-01   3.15440208E-01   3.91825825E-01   4.86309111E-01   5.97478569E-01   7.22939253E-01   8.58718097E-01   1.00000000E+00; ...
    1.00000000E+00   8.57346416E-01   7.20195889E-01   5.93569219E-01   4.81233656E-01   3.85915577E-01   3.08695197E-01   2.49894112E-01   2.08763689E-01   1.84623897E-01   1.76615804E-01   1.84623897E-01   2.08763689E-01   2.49894127E-01   3.08695167E-01   3.85915577E-01   4.81233627E-01   5.93569219E-01   7.20195889E-01   8.57346416E-01   1.00000000E+00; ...
    1.00000000E+00   8.58718097E-01   7.22939253E-01   5.97478628E-01   4.86309111E-01   3.91825855E-01   3.15440208E-01   2.57117838E-01   2.16466039E-01   1.92479149E-01   1.84623897E-01   1.92479149E-01   2.16466039E-01   2.57117838E-01   3.15440208E-01   3.91825825E-01   4.86309111E-01   5.97478569E-01   7.22939253E-01   8.58718097E-01   1.00000000E+00; ...
    1.00000000E+00   8.62934828E-01   7.31152117E-01   6.09481990E-01   5.01531363E-01   4.09935713E-01   3.35717231E-01   2.79205799E-01   2.39666373E-01   2.16466039E-01   2.08763689E-01   2.16466039E-01   2.39666373E-01   2.79205799E-01   3.35717231E-01   4.09935713E-01   5.01531363E-01   6.09481990E-01   7.31152117E-01   8.62934828E-01   1.00000000E+00; ...
    1.00000000E+00   8.70057285E-01   7.45176435E-01   6.29769087E-01   5.27509689E-01   4.40574616E-01   3.70296180E-01   3.16614330E-01   2.79205799E-01   2.57117838E-01   2.49894127E-01   2.57117838E-01   2.79205799E-01   3.16614330E-01   3.70296180E-01   4.40574616E-01   5.27509689E-01   6.29769087E-01   7.45176435E-01   8.70057285E-01   1.00000000E+00; ...
    1.00000000E+00   8.80287707E-01   7.65177846E-01   6.58902466E-01   5.64583421E-01   4.84558046E-01   4.19684052E-01   3.70296180E-01   3.35717231E-01   3.15440208E-01   3.08695167E-01   3.15440208E-01   3.35717231E-01   3.70296180E-01   4.19684052E-01   4.84558046E-01   5.64583421E-01   6.58902466E-01   7.65177846E-01   8.80287707E-01   1.00000000E+00; ...
    1.00000000E+00   8.93658698E-01   7.91460454E-01   6.96993828E-01   6.13291979E-01   5.42101979E-01   4.84558046E-01   4.40574616E-01   4.09935713E-01   3.91825825E-01   3.85915577E-01   3.91825825E-01   4.09935713E-01   4.40574616E-01   4.84558046E-01   5.42101979E-01   6.13291979E-01   6.96993828E-01   7.91460454E-01   8.93658698E-01   1.00000000E+00; ...
    1.00000000E+00   9.10203278E-01   8.23848844E-01   7.44123220E-01   6.73342526E-01   6.13291979E-01   5.64583421E-01   5.27509689E-01   5.01531363E-01   4.86309111E-01   4.81233627E-01   4.86309111E-01   5.01531363E-01   5.27509689E-01   5.64583421E-01   6.13291979E-01   6.73342526E-01   7.44123220E-01   8.23848844E-01   9.10203278E-01   1.00000000E+00; ...
    1.00000000E+00   9.29642379E-01   8.62026334E-01   7.99512148E-01   7.44123220E-01   6.96993828E-01   6.58902466E-01   6.29769087E-01   6.09481990E-01   5.97478569E-01   5.93569219E-01   5.97478569E-01   6.09481990E-01   6.29769087E-01   6.58902466E-01   6.96993828E-01   7.44123220E-01   7.99512148E-01   8.62026334E-01   9.29642379E-01   1.00000000E+00; ...
    1.00000000E+00   9.51582551E-01   9.05016899E-01   8.62026334E-01   8.23848844E-01   7.91460454E-01   7.65177846E-01   7.45176435E-01   7.31152117E-01   7.22939253E-01   7.20195889E-01   7.22939253E-01   7.31152117E-01   7.45176435E-01   7.65177846E-01   7.91460454E-01   8.23848844E-01   8.62026334E-01   9.05016899E-01   9.51582551E-01   1.00000000E+00; ...
    1.00000000E+00   9.75310206E-01   9.51582551E-01   9.29642379E-01   9.10203278E-01   8.93658698E-01   8.80287707E-01   8.70057285E-01   8.62934828E-01   8.58718097E-01   8.57346416E-01   8.58718097E-01   8.62934828E-01   8.70057285E-01   8.80287707E-01   8.93658698E-01   9.10203278E-01   9.29642379E-01   9.51582551E-01   9.75310206E-01   1.00000000E+00; ...
    1.00000000E+00   1.00000000E+00   1.00000000E+00   1.00000000E+00   1.00000000E+00   1.00000000E+00   1.00000000E+00   1.00000000E+00   1.00000000E+00   1.00000000E+00   1.00000000E+00   1.00000000E+00   1.00000000E+00   1.00000000E+00   1.00000000E+00   1.00000000E+00   1.00000000E+00   1.00000000E+00   1.00000000E+00   1.00000000E+00   1.00000000E+00 ];

% Surface plot (auto-generated)
[ny, nx] = size(field);
[X, Y] = meshgrid(1:nx, 1:ny);
fig = figure('Color','w');
ax = axes('Parent', fig);
h = surf(ax, X, Y, field);
shading(ax, 'interp');
colormap(ax, parula);
cb = colorbar(ax);
cb.Label.String = 'field value';
grid(ax, 'on');
box(ax, 'on');
axis(ax, 'tight');
view(ax, 45, 30);
xlabel(ax, 'i (x index)');
ylabel(ax, 'j (y index)');
zlabel(ax, 'field');
title(ax, sprintf('field (%d x %d)', ny, nx));
set(ax, 'FontSize', 12, 'LineWidth', 1);
set(h, 'EdgeColor', 'k');
drawnow;
