% Auto-generated MATLAB script
field = [ ...
    1.00000000E+00   1.00000000E+00   1.00000000E+00   1.00000000E+00   1.00000000E+00   1.00000000E+00   1.00000000E+00   1.00000000E+00   1.00000000E+00   1.00000000E+00   1.00000000E+00   1.00000000E+00   1.00000000E+00   1.00000000E+00   1.00000000E+00   1.00000000E+00   1.00000000E+00   1.00000000E+00   1.00000000E+00   1.00000000E+00   1.00000000E+00; ...
    1.00000000E+00   9.69318851E-01   9.40102146E-01   9.13550824E-01   8.90643548E-01   8.71771217E-01   8.57113219E-01   8.46338793E-01   8.39134918E-01   8.34993825E-01   8.33674790E-01   8.34993825E-01   8.39134918E-01   8.46338793E-01   8.57113219E-01   8.71771217E-01   8.90643548E-01   9.13550824E-01   9.40102146E-01   9.69318851E-01   1.00000000E+00; ...
    1.00000000E+00   9.40102146E-01   8.82999599E-01   8.31227817E-01   7.86410150E-01   7.49662374E-01   7.20953075E-01   7.00010920E-01   6.85873747E-01   6.77862137E-01   6.75224066E-01   6.77862137E-01   6.85873747E-01   7.00010920E-01   7.20953075E-01   7.49662374E-01   7.86410150E-01   8.31227817E-01   8.82999599E-01   9.40102146E-01   1.00000000E+00; ...
    1.00000000E+00   9.13550824E-01   8.31227817E-01   7.56435189E-01   6.91906748E-01   6.38773163E-01   5.97502200E-01   5.67189957E-01   5.46917126E-01   5.35276996E-01   5.31561886E-01   5.35276996E-01   5.46917126E-01   5.67189957E-01   5.97502200E-01   6.38773163E-01   6.91906748E-01   7.56435189E-01   8.31227817E-01   9.13550824E-01   1.00000000E+00; ...
    1.00000000E+00   8.90643548E-01   7.86410150E-01   6.91906748E-01   6.10143480E-01   5.43100035E-01   4.90771029E-01   4.52592317E-01   4.26852924E-01   4.12253370E-01   4.07461220E-01   4.12253370E-01   4.26852924E-01   4.52592317E-01   4.90771029E-01   5.43100035E-01   6.10143480E-01   6.91906748E-01   7.86410150E-01   8.90643548E-01   1.00000000E+00; ...
    1.00000000E+00   8.71771217E-01   7.49662374E-01   6.38773163E-01   5.43100035E-01   4.64392165E-01   4.03250548E-01   3.58403395E-01   3.28395468E-01   3.11198941E-01   3.05692203E-01   3.11198941E-01   3.28395468E-01   3.58403395E-01   4.03250548E-01   4.64392165E-01   5.43100035E-01   6.38773163E-01   7.49662374E-01   8.71771217E-01   1.00000000E+00; ...
    1.00000000E+00   8.57113219E-01   7.20953075E-01   5.97502200E-01   4.90771029E-01   4.03250548E-01   3.35020170E-01   2.85228423E-01   2.51715334E-01   2.32685205E-01   2.26463878E-01   2.32685205E-01   2.51715334E-01   2.85228423E-01   3.35020170E-01   4.03250548E-01   4.90771029E-01   5.97502200E-01   7.20953075E-01   8.57113219E-01   1.00000000E+00; ...
    1.00000000E+00   8.46338793E-01   7.00010920E-01   5.67189957E-01   4.52592317E-01   3.58403395E-01   2.85228423E-01   2.31628463E-01   1.95746592E-01   1.75224858E-01   1.68630938E-01   1.75224858E-01   1.95746592E-01   2.31628463E-01   2.85228423E-01   3.58403395E-01   4.52592317E-01   5.67189957E-01   7.00010920E-01   8.46338793E-01   1.00000000E+00; ...
    1.00000000E+00   8.39134918E-01   6.85873747E-01   5.46917126E-01   4.26852924E-01   3.28395468E-01   2.51715334E-01   1.95746592E-01   1.58128145E-01   1.36747012E-01   1.29780500E-01   1.36747012E-01   1.58128145E-01   1.95746592E-01   2.51715334E-01   3.28395468E-01   4.26852924E-01   5.46917126E-01   6.85873747E-01   8.39134918E-01   1.00000000E+00; ...
    1.00000000E+00   8.34993825E-01   6.77862137E-01   5.35276996E-01   4.12253370E-01   3.11198941E-01   2.32685205E-01   1.75224858E-01   1.36747012E-01   1.14768394E-01   1.07691205E-01   1.14768394E-01   1.36747012E-01   1.75224858E-01   2.32685205E-01   3.11198941E-01   4.12253370E-01   5.35276996E-01   6.77862137E-01   8.34993825E-01   1.00000000E+00; ...
    1.00000000E+00   8.33674790E-01   6.75224066E-01   5.31561886E-01   4.07461220E-01   3.05692203E-01   2.26463878E-01   1.68630938E-01   1.29780500E-01   1.07691205E-01   1.00503338E-01   1.07691205E-01   1.29780500E-01   1.68630938E-01   2.26463878E-01   3.05692203E-01   4.07461220E-01   5.31561886E-01   6.75224066E-01   8.33674790E-01   1.00000000E+00; ...
    1.00000000E+00   8.34993825E-01   6.77862137E-01   5.35276996E-01   4.12253370E-01   3.11198941E-01   2.32685205E-01   1.75224858E-01   1.36747012E-01   1.14768394E-01   1.07691205E-01   1.14768394E-01   1.36747012E-01   1.75224858E-01   2.32685205E-01   3.11198941E-01   4.12253370E-01   5.35276996E-01   6.77862137E-01   8.34993825E-01   1.00000000E+00; ...
    1.00000000E+00   8.39134918E-01   6.85873747E-01   5.46917126E-01   4.26852924E-01   3.28395468E-01   2.51715334E-01   1.95746592E-01   1.58128145E-01   1.36747012E-01   1.29780500E-01   1.36747012E-01   1.58128145E-01   1.95746592E-01   2.51715334E-01   3.28395468E-01   4.26852924E-01   5.46917126E-01   6.85873747E-01   8.39134918E-01   1.00000000E+00; ...
    1.00000000E+00   8.46338793E-01   7.00010920E-01   5.67189957E-01   4.52592317E-01   3.58403395E-01   2.85228423E-01   2.31628463E-01   1.95746592E-01   1.75224858E-01   1.68630938E-01   1.75224858E-01   1.95746592E-01   2.31628463E-01   2.85228423E-01   3.58403395E-01   4.52592317E-01   5.67189957E-01   7.00010920E-01   8.46338793E-01   1.00000000E+00; ...
    1.00000000E+00   8.57113219E-01   7.20953075E-01   5.97502200E-01   4.90771029E-01   4.03250548E-01   3.35020170E-01   2.85228423E-01   2.51715334E-01   2.32685205E-01   2.26463878E-01   2.32685205E-01   2.51715334E-01   2.85228423E-01   3.35020170E-01   4.03250548E-01   4.90771029E-01   5.97502200E-01   7.20953075E-01   8.57113219E-01   1.00000000E+00; ...
    1.00000000E+00   8.71771217E-01   7.49662374E-01   6.38773163E-01   5.43100035E-01   4.64392165E-01   4.03250548E-01   3.58403395E-01   3.28395468E-01   3.11198941E-01   3.05692203E-01   3.11198941E-01   3.28395468E-01   3.58403395E-01   4.03250548E-01   4.64392165E-01   5.43100035E-01   6.38773163E-01   7.49662374E-01   8.71771217E-01   1.00000000E+00; ...
    1.00000000E+00   8.90643548E-01   7.86410150E-01   6.91906748E-01   6.10143480E-01   5.43100035E-01   4.90771029E-01   4.52592317E-01   4.26852924E-01   4.12253370E-01   4.07461220E-01   4.12253370E-01   4.26852924E-01   4.52592317E-01   4.90771029E-01   5.43100035E-01   6.10143480E-01   6.91906748E-01   7.86410150E-01   8.90643548E-01   1.00000000E+00; ...
    1.00000000E+00   9.13550824E-01   8.31227817E-01   7.56435189E-01   6.91906748E-01   6.38773163E-01   5.97502200E-01   5.67189957E-01   5.46917126E-01   5.35276996E-01   5.31561886E-01   5.35276996E-01   5.46917126E-01   5.67189957E-01   5.97502200E-01   6.38773163E-01   6.91906748E-01   7.56435189E-01   8.31227817E-01   9.13550824E-01   1.00000000E+00; ...
    1.00000000E+00   9.40102146E-01   8.82999599E-01   8.31227817E-01   7.86410150E-01   7.49662374E-01   7.20953075E-01   7.00010920E-01   6.85873747E-01   6.77862137E-01   6.75224066E-01   6.77862137E-01   6.85873747E-01   7.00010920E-01   7.20953075E-01   7.49662374E-01   7.86410150E-01   8.31227817E-01   8.82999599E-01   9.40102146E-01   1.00000000E+00; ...
    1.00000000E+00   9.69318851E-01   9.40102146E-01   9.13550824E-01   8.90643548E-01   8.71771217E-01   8.57113219E-01   8.46338793E-01   8.39134918E-01   8.34993825E-01   8.33674790E-01   8.34993825E-01   8.39134918E-01   8.46338793E-01   8.57113219E-01   8.71771217E-01   8.90643548E-01   9.13550824E-01   9.40102146E-01   9.69318851E-01   1.00000000E+00; ...
    1.00000000E+00   1.00000000E+00   1.00000000E+00   1.00000000E+00   1.00000000E+00   1.00000000E+00   1.00000000E+00   1.00000000E+00   1.00000000E+00   1.00000000E+00   1.00000000E+00   1.00000000E+00   1.00000000E+00   1.00000000E+00   1.00000000E+00   1.00000000E+00   1.00000000E+00   1.00000000E+00   1.00000000E+00   1.00000000E+00   1.00000000E+00 ];

% Surface plot (auto-generated)
[ny, nx] = size(field);
[X, Y] = meshgrid(1:nx, 1:ny);
fig = figure('Color','w');
ax = axes('Parent', fig);
h = surf(ax, X, Y, field);
shading(ax, 'interp');
colormap(ax, parula);
cb = colorbar(ax);
cb.Label.String = 'field value';
grid(ax, 'on');
box(ax, 'on');
axis(ax, 'tight');
view(ax, 45, 30);
xlabel(ax, 'i (x index)');
ylabel(ax, 'j (y index)');
zlabel(ax, 'field');
title(ax, sprintf('field (%d x %d)', ny, nx));
set(ax, 'FontSize', 12, 'LineWidth', 1);
set(h, 'EdgeColor', 'k');
drawnow;
