% Auto-generated MATLAB script
field = [ ...
    1.00000000E+00   1.00000000E+00   1.00000000E+00   1.00000000E+00   1.00000000E+00   1.00000000E+00   1.00000000E+00   1.00000000E+00   1.00000000E+00   1.00000000E+00   1.00000000E+00   1.00000000E+00   1.00000000E+00   1.00000000E+00   1.00000000E+00   1.00000000E+00   1.00000000E+00   1.00000000E+00   1.00000000E+00   1.00000000E+00   1.00000000E+00; ...
    1.00000000E+00   9.59564644E-01   9.21656776E-01   8.88209660E-01   8.60668504E-01   8.39257908E-01   8.23824688E-01   8.13340052E-01   8.06903713E-01   8.03442190E-01   8.02391451E-01   8.03442190E-01   8.06903713E-01   8.13340052E-01   8.23824688E-01   8.39257908E-01   8.60668504E-01   8.88209660E-01   9.21656776E-01   9.59564644E-01   1.00000000E+00; ...
    1.00000000E+00   9.21656776E-01   8.48071113E-01   7.83406954E-01   7.29854512E-01   6.88563191E-01   6.58506730E-01   6.38347438E-01   6.25784081E-01   6.19170352E-01   6.17068876E-01   6.19170352E-01   6.25784081E-01   6.38347438E-01   6.58506730E-01   6.88563191E-01   7.29854512E-01   7.83406954E-01   8.48071113E-01   9.21656776E-01   1.00000000E+00; ...
    1.00000000E+00   8.88209660E-01   7.83406954E-01   6.90994839E-01   6.14900197E-01   5.55819633E-01   5.13231414E-01   4.84355248E-01   4.66622653E-01   4.57111462E-01   4.54213990E-01   4.57111462E-01   4.66622653E-01   4.84355248E-01   5.13231414E-01   5.55819633E-01   6.14900197E-01   6.90994839E-01   7.83406954E-01   8.88209660E-01   1.00000000E+00; ...
    1.00000000E+00   8.60668504E-01   7.29854512E-01   6.14900197E-01   5.19823761E-01   4.46514358E-01   3.93269972E-01   3.57552523E-01   3.35362649E-01   3.23665954E-01   3.19972485E-01   3.23665954E-01   3.35362649E-01   3.57552523E-01   3.93269972E-01   4.46514358E-01   5.19823761E-01   6.14900197E-01   7.29854512E-01   8.60668504E-01   1.00000000E+00; ...
    1.00000000E+00   8.39257908E-01   6.88563191E-01   5.55819633E-01   4.46514358E-01   3.61823851E-01   3.00771034E-01   2.59504883E-01   2.34150311E-01   2.20609121E-01   2.16460667E-01   2.20609121E-01   2.34150311E-01   2.59504883E-01   3.00771034E-01   3.61823851E-01   4.46514358E-01   5.55819633E-01   6.88563191E-01   8.39257908E-01   1.00000000E+00; ...
    1.00000000E+00   8.23824688E-01   6.58506730E-01   5.13231414E-01   3.93269972E-01   3.00771034E-01   2.33771871E-01   1.88819103E-01   1.60997634E-01   1.46309752E-01   1.41706311E-01   1.46309752E-01   1.60997634E-01   1.88819103E-01   2.33771871E-01   3.00771034E-01   3.93269972E-01   5.13231414E-01   6.58506730E-01   8.23824688E-01   1.00000000E+00; ...
    1.00000000E+00   8.13340052E-01   6.38347438E-01   4.84355248E-01   3.57552523E-01   2.59504883E-01   1.88819103E-01   1.41188761E-01   1.11909439E-01   9.63370793E-02   9.15408678E-02   9.63370793E-02   1.11909439E-01   1.41188761E-01   1.88819103E-01   2.59504883E-01   3.57552523E-01   4.84355248E-01   6.38347438E-01   8.13340052E-01   1.00000000E+00; ...
    1.00000000E+00   8.06903713E-01   6.25784081E-01   4.66622653E-01   3.35362649E-01   2.34150311E-01   1.60997634E-01   1.11909439E-01   8.16191266E-02   6.56091531E-02   6.06201708E-02   6.56091531E-02   8.16191266E-02   1.11909439E-01   1.60997634E-01   2.34150311E-01   3.35362649E-01   4.66622653E-01   6.25784081E-01   8.06903713E-01   1.00000000E+00; ...
    1.00000000E+00   8.03442190E-01   6.19170352E-01   4.57111462E-01   3.23665954E-01   2.20609121E-01   1.46309752E-01   9.63370793E-02   6.56091531E-02   4.93067107E-02   4.42701027E-02   4.93067107E-02   6.56091531E-02   9.63370793E-02   1.46309752E-01   2.20609121E-01   3.23665954E-01   4.57111462E-01   6.19170352E-01   8.03442190E-01   1.00000000E+00; ...
    1.00000000E+00   8.02391451E-01   6.17068876E-01   4.54213990E-01   3.19972485E-01   2.16460667E-01   1.41706311E-01   9.15408678E-02   6.06201708E-02   4.42701027E-02   3.91858691E-02   4.42701027E-02   6.06201708E-02   9.15408678E-02   1.41706311E-01   2.16460667E-01   3.19972485E-01   4.54213990E-01   6.17068876E-01   8.02391451E-01   1.00000000E+00; ...
    1.00000000E+00   8.03442190E-01   6.19170352E-01   4.57111462E-01   3.23665954E-01   2.20609121E-01   1.46309752E-01   9.63370793E-02   6.56091531E-02   4.93067107E-02   4.42701027E-02   4.93067107E-02   6.56091531E-02   9.63370793E-02   1.46309752E-01   2.20609121E-01   3.23665954E-01   4.57111462E-01   6.19170352E-01   8.03442190E-01   1.00000000E+00; ...
    1.00000000E+00   8.06903713E-01   6.25784081E-01   4.66622653E-01   3.35362649E-01   2.34150311E-01   1.60997634E-01   1.11909439E-01   8.16191266E-02   6.56091531E-02   6.06201708E-02   6.56091531E-02   8.16191266E-02   1.11909439E-01   1.60997634E-01   2.34150311E-01   3.35362649E-01   4.66622653E-01   6.25784081E-01   8.06903713E-01   1.00000000E+00; ...
    1.00000000E+00   8.13340052E-01   6.38347438E-01   4.84355248E-01   3.57552523E-01   2.59504883E-01   1.88819103E-01   1.41188761E-01   1.11909439E-01   9.63370793E-02   9.15408678E-02   9.63370793E-02   1.11909439E-01   1.41188761E-01   1.88819103E-01   2.59504883E-01   3.57552523E-01   4.84355248E-01   6.38347438E-01   8.13340052E-01   1.00000000E+00; ...
    1.00000000E+00   8.23824688E-01   6.58506730E-01   5.13231414E-01   3.93269972E-01   3.00771034E-01   2.33771871E-01   1.88819103E-01   1.60997634E-01   1.46309752E-01   1.41706311E-01   1.46309752E-01   1.60997634E-01   1.88819103E-01   2.33771871E-01   3.00771034E-01   3.93269972E-01   5.13231414E-01   6.58506730E-01   8.23824688E-01   1.00000000E+00; ...
    1.00000000E+00   8.39257908E-01   6.88563191E-01   5.55819633E-01   4.46514358E-01   3.61823851E-01   3.00771034E-01   2.59504883E-01   2.34150311E-01   2.20609121E-01   2.16460667E-01   2.20609121E-01   2.34150311E-01   2.59504883E-01   3.00771034E-01   3.61823851E-01   4.46514358E-01   5.55819633E-01   6.88563191E-01   8.39257908E-01   1.00000000E+00; ...
    1.00000000E+00   8.60668504E-01   7.29854512E-01   6.14900197E-01   5.19823761E-01   4.46514358E-01   3.93269972E-01   3.57552523E-01   3.35362649E-01   3.23665954E-01   3.19972485E-01   3.23665954E-01   3.35362649E-01   3.57552523E-01   3.93269972E-01   4.46514358E-01   5.19823761E-01   6.14900197E-01   7.29854512E-01   8.60668504E-01   1.00000000E+00; ...
    1.00000000E+00   8.88209660E-01   7.83406954E-01   6.90994839E-01   6.14900197E-01   5.55819633E-01   5.13231414E-01   4.84355248E-01   4.66622653E-01   4.57111462E-01   4.54213990E-01   4.57111462E-01   4.66622653E-01   4.84355248E-01   5.13231414E-01   5.55819633E-01   6.14900197E-01   6.90994839E-01   7.83406954E-01   8.88209660E-01   1.00000000E+00; ...
    1.00000000E+00   9.21656776E-01   8.48071113E-01   7.83406954E-01   7.29854512E-01   6.88563191E-01   6.58506730E-01   6.38347438E-01   6.25784081E-01   6.19170352E-01   6.17068876E-01   6.19170352E-01   6.25784081E-01   6.38347438E-01   6.58506730E-01   6.88563191E-01   7.29854512E-01   7.83406954E-01   8.48071113E-01   9.21656776E-01   1.00000000E+00; ...
    1.00000000E+00   9.59564644E-01   9.21656776E-01   8.88209660E-01   8.60668504E-01   8.39257908E-01   8.23824688E-01   8.13340052E-01   8.06903713E-01   8.03442190E-01   8.02391451E-01   8.03442190E-01   8.06903713E-01   8.13340052E-01   8.23824688E-01   8.39257908E-01   8.60668504E-01   8.88209660E-01   9.21656776E-01   9.59564644E-01   1.00000000E+00; ...
    1.00000000E+00   1.00000000E+00   1.00000000E+00   1.00000000E+00   1.00000000E+00   1.00000000E+00   1.00000000E+00   1.00000000E+00   1.00000000E+00   1.00000000E+00   1.00000000E+00   1.00000000E+00   1.00000000E+00   1.00000000E+00   1.00000000E+00   1.00000000E+00   1.00000000E+00   1.00000000E+00   1.00000000E+00   1.00000000E+00   1.00000000E+00 ];

% Surface plot (auto-generated)
[ny, nx] = size(field);
[X, Y] = meshgrid(1:nx, 1:ny);
fig = figure('Color','w');
ax = axes('Parent', fig);
h = surf(ax, X, Y, field);
shading(ax, 'interp');
colormap(ax, parula);
cb = colorbar(ax);
cb.Label.String = 'field value';
grid(ax, 'on');
box(ax, 'on');
axis(ax, 'tight');
view(ax, 45, 30);
xlabel(ax, 'i (x index)');
ylabel(ax, 'j (y index)');
zlabel(ax, 'field');
title(ax, sprintf('field (%d x %d)', ny, nx));
set(ax, 'FontSize', 12, 'LineWidth', 1);
set(h, 'EdgeColor', 'k');
drawnow;
