% Auto-generated MATLAB script
field = [ ...
    1.00000000E+00   1.00000000E+00   1.00000000E+00   1.00000000E+00   1.00000000E+00   1.00000000E+00   1.00000000E+00   1.00000000E+00   1.00000000E+00   1.00000000E+00   1.00000000E+00   1.00000000E+00   1.00000000E+00   1.00000000E+00   1.00000000E+00   1.00000000E+00   1.00000000E+00   1.00000000E+00   1.00000000E+00   1.00000000E+00   1.00000000E+00; ...
    1.00000000E+00   9.86772285E-01   9.73898897E-01   9.61710411E-01   9.50528556E-01   9.40611366E-01   9.32207458E-01   9.25479422E-01   9.20589475E-01   9.17608035E-01   9.16617041E-01   9.17608035E-01   9.20589475E-01   9.25479422E-01   9.32207458E-01   9.40611366E-01   9.50528556E-01   9.61710411E-01   9.73898897E-01   9.86772285E-01   1.00000000E+00; ...
    1.00000000E+00   9.73898897E-01   9.48487738E-01   9.24446383E-01   9.02365122E-01   8.82813193E-01   8.66207854E-01   8.52954259E-01   8.43279652E-01   8.37422059E-01   8.35440071E-01   8.37422059E-01   8.43279652E-01   8.52954259E-01   8.66207854E-01   8.82813193E-01   9.02365122E-01   9.24446383E-01   9.48487738E-01   9.73898897E-01   1.00000000E+00; ...
    1.00000000E+00   9.61710411E-01   9.24446383E-01   8.89165238E-01   8.56797650E-01   8.28091384E-01   8.03765019E-01   7.84290365E-01   7.70135597E-01   7.61505934E-01   7.58637036E-01   7.61505934E-01   7.70135597E-01   7.84290365E-01   8.03765019E-01   8.28091384E-01   8.56797650E-01   8.89165238E-01   9.24446383E-01   9.61710411E-01   1.00000000E+00; ...
    1.00000000E+00   9.50528556E-01   9.02365122E-01   8.56797650E-01   8.14946112E-01   7.77887889E-01   7.46415661E-01   7.21295111E-01   7.02959246E-01   6.91856579E-01   6.88100772E-01   6.91856579E-01   7.02959246E-01   7.21295111E-01   7.46415661E-01   7.77887889E-01   8.14946112E-01   8.56797650E-01   9.02365122E-01   9.50528556E-01   1.00000000E+00; ...
    1.00000000E+00   9.40611366E-01   8.82813193E-01   8.28091384E-01   7.77887889E-01   7.33364660E-01   6.95633522E-01   6.65429218E-01   6.43474398E-01   6.30090868E-01   6.25640294E-01   6.30090868E-01   6.43474398E-01   6.65429218E-01   6.95633522E-01   7.33364660E-01   7.77887889E-01   8.28091384E-01   8.82813193E-01   9.40611366E-01   1.00000000E+00; ...
    1.00000000E+00   9.32207458E-01   8.66207854E-01   8.03765019E-01   7.46415661E-01   6.95633522E-01   6.52507946E-01   6.18084357E-01   5.92960040E-01   5.77745107E-01   5.72599766E-01   5.77745107E-01   5.92960040E-01   6.18084357E-01   6.52507946E-01   6.95633522E-01   7.46415661E-01   8.03765019E-01   8.66207854E-01   9.32207458E-01   1.00000000E+00; ...
    1.00000000E+00   9.25479422E-01   8.52954259E-01   7.84290365E-01   7.21295111E-01   6.65429218E-01   6.18084357E-01   5.80186207E-01   5.52637115E-01   5.35845312E-01   5.30259736E-01   5.35845312E-01   5.52637115E-01   5.80186207E-01   6.18084357E-01   6.65429218E-01   7.21295111E-01   7.84290365E-01   8.52954259E-01   9.25479422E-01   1.00000000E+00; ...
    1.00000000E+00   9.20589475E-01   8.43279652E-01   7.70135597E-01   7.02959246E-01   6.43474398E-01   5.92960040E-01   5.52637115E-01   5.23209009E-01   5.05386094E-01   4.99360284E-01   5.05386094E-01   5.23209009E-01   5.52637115E-01   5.92960040E-01   6.43474398E-01   7.02959246E-01   7.70135597E-01   8.43279652E-01   9.20589475E-01   1.00000000E+00; ...
    1.00000000E+00   9.17608035E-01   8.37422059E-01   7.61505934E-01   6.91856579E-01   6.30090868E-01   5.77745107E-01   5.35845312E-01   5.05386094E-01   4.86821850E-01   4.80645588E-01   4.86821850E-01   5.05386094E-01   5.35845312E-01   5.77745107E-01   6.30090868E-01   6.91856579E-01   7.61505934E-01   8.37422059E-01   9.17608035E-01   1.00000000E+00; ...
    1.00000000E+00   9.16617041E-01   8.35440071E-01   7.58637036E-01   6.88100772E-01   6.25640294E-01   5.72599766E-01   5.30259736E-01   4.99360284E-01   4.80645588E-01   4.74318873E-01   4.80645588E-01   4.99360284E-01   5.30259736E-01   5.72599766E-01   6.25640294E-01   6.88100772E-01   7.58637036E-01   8.35440071E-01   9.16617041E-01   1.00000000E+00; ...
    1.00000000E+00   9.17608035E-01   8.37422059E-01   7.61505934E-01   6.91856579E-01   6.30090868E-01   5.77745107E-01   5.35845312E-01   5.05386094E-01   4.86821850E-01   4.80645588E-01   4.86821850E-01   5.05386094E-01   5.35845312E-01   5.77745107E-01   6.30090868E-01   6.91856579E-01   7.61505934E-01   8.37422059E-01   9.17608035E-01   1.00000000E+00; ...
    1.00000000E+00   9.20589475E-01   8.43279652E-01   7.70135597E-01   7.02959246E-01   6.43474398E-01   5.92960040E-01   5.52637115E-01   5.23209009E-01   5.05386094E-01   4.99360284E-01   5.05386094E-01   5.23209009E-01   5.52637115E-01   5.92960040E-01   6.43474398E-01   7.02959246E-01   7.70135597E-01   8.43279652E-01   9.20589475E-01   1.00000000E+00; ...
    1.00000000E+00   9.25479422E-01   8.52954259E-01   7.84290365E-01   7.21295111E-01   6.65429218E-01   6.18084357E-01   5.80186207E-01   5.52637115E-01   5.35845312E-01   5.30259736E-01   5.35845312E-01   5.52637115E-01   5.80186207E-01   6.18084357E-01   6.65429218E-01   7.21295111E-01   7.84290365E-01   8.52954259E-01   9.25479422E-01   1.00000000E+00; ...
    1.00000000E+00   9.32207458E-01   8.66207854E-01   8.03765019E-01   7.46415661E-01   6.95633522E-01   6.52507946E-01   6.18084357E-01   5.92960040E-01   5.77745107E-01   5.72599766E-01   5.77745107E-01   5.92960040E-01   6.18084357E-01   6.52507946E-01   6.95633522E-01   7.46415661E-01   8.03765019E-01   8.66207854E-01   9.32207458E-01   1.00000000E+00; ...
    1.00000000E+00   9.40611366E-01   8.82813193E-01   8.28091384E-01   7.77887889E-01   7.33364660E-01   6.95633522E-01   6.65429218E-01   6.43474398E-01   6.30090868E-01   6.25640294E-01   6.30090868E-01   6.43474398E-01   6.65429218E-01   6.95633522E-01   7.33364660E-01   7.77887889E-01   8.28091384E-01   8.82813193E-01   9.40611366E-01   1.00000000E+00; ...
    1.00000000E+00   9.50528556E-01   9.02365122E-01   8.56797650E-01   8.14946112E-01   7.77887889E-01   7.46415661E-01   7.21295111E-01   7.02959246E-01   6.91856579E-01   6.88100772E-01   6.91856579E-01   7.02959246E-01   7.21295111E-01   7.46415661E-01   7.77887889E-01   8.14946112E-01   8.56797650E-01   9.02365122E-01   9.50528556E-01   1.00000000E+00; ...
    1.00000000E+00   9.61710411E-01   9.24446383E-01   8.89165238E-01   8.56797650E-01   8.28091384E-01   8.03765019E-01   7.84290365E-01   7.70135597E-01   7.61505934E-01   7.58637036E-01   7.61505934E-01   7.70135597E-01   7.84290365E-01   8.03765019E-01   8.28091384E-01   8.56797650E-01   8.89165238E-01   9.24446383E-01   9.61710411E-01   1.00000000E+00; ...
    1.00000000E+00   9.73898897E-01   9.48487738E-01   9.24446383E-01   9.02365122E-01   8.82813193E-01   8.66207854E-01   8.52954259E-01   8.43279652E-01   8.37422059E-01   8.35440071E-01   8.37422059E-01   8.43279652E-01   8.52954259E-01   8.66207854E-01   8.82813193E-01   9.02365122E-01   9.24446383E-01   9.48487738E-01   9.73898897E-01   1.00000000E+00; ...
    1.00000000E+00   9.86772285E-01   9.73898897E-01   9.61710411E-01   9.50528556E-01   9.40611366E-01   9.32207458E-01   9.25479422E-01   9.20589475E-01   9.17608035E-01   9.16617041E-01   9.17608035E-01   9.20589475E-01   9.25479422E-01   9.32207458E-01   9.40611366E-01   9.50528556E-01   9.61710411E-01   9.73898897E-01   9.86772285E-01   1.00000000E+00; ...
    1.00000000E+00   1.00000000E+00   1.00000000E+00   1.00000000E+00   1.00000000E+00   1.00000000E+00   1.00000000E+00   1.00000000E+00   1.00000000E+00   1.00000000E+00   1.00000000E+00   1.00000000E+00   1.00000000E+00   1.00000000E+00   1.00000000E+00   1.00000000E+00   1.00000000E+00   1.00000000E+00   1.00000000E+00   1.00000000E+00   1.00000000E+00 ];

% Surface plot (auto-generated)
[ny, nx] = size(field);
[X, Y] = meshgrid(1:nx, 1:ny);
fig = figure('Color','w');
ax = axes('Parent', fig);
h = surf(ax, X, Y, field);
shading(ax, 'interp');
colormap(ax, parula);
cb = colorbar(ax);
cb.Label.String = 'field value';
grid(ax, 'on');
box(ax, 'on');
axis(ax, 'tight');
view(ax, 45, 30);
xlabel(ax, 'i (x index)');
ylabel(ax, 'j (y index)');
zlabel(ax, 'field');
title(ax, sprintf('field (%d x %d)', ny, nx));
set(ax, 'FontSize', 12, 'LineWidth', 1);
set(h, 'EdgeColor', 'k');
drawnow;
