% Auto-generated MATLAB script
field = [ ...
    1.00000000E+00   1.00000000E+00   1.00000000E+00   1.00000000E+00   1.00000000E+00   1.00000000E+00   1.00000000E+00   1.00000000E+00   1.00000000E+00   1.00000000E+00   1.00000000E+00   1.00000000E+00   1.00000000E+00   1.00000000E+00   1.00000000E+00   1.00000000E+00   1.00000000E+00   1.00000000E+00   1.00000000E+00   1.00000000E+00   1.00000000E+00; ...
    1.00000000E+00   9.40731507E-01   8.86851059E-01   8.41950689E-01   8.08275446E-01   7.84962020E-01   7.70616534E-01   7.62424531E-01   7.58351799E-01   7.56528552E-01   7.56050323E-01   7.56528552E-01   7.58351799E-01   7.62424531E-01   7.70616534E-01   7.84962020E-01   8.08275446E-01   8.41950689E-01   8.86851059E-01   9.40731507E-01   1.00000000E+00; ...
    1.00000000E+00   8.86851059E-01   7.83580201E-01   6.98269499E-01   6.33509405E-01   5.89472948E-01   5.61806407E-01   5.46446832E-01   5.38569369E-01   5.35190873E-01   5.34234415E-01   5.35190873E-01   5.38569369E-01   5.46446832E-01   5.61806407E-01   5.89472948E-01   6.33509405E-01   6.98269499E-01   7.83580201E-01   8.86851059E-01   1.00000000E+00; ...
    1.00000000E+00   8.41950689E-01   6.98269499E-01   5.78765438E-01   4.89137468E-01   4.27338334E-01   3.89311094E-01   3.67738061E-01   3.57009978E-01   3.52253058E-01   3.50995196E-01   3.52253058E-01   3.57009978E-01   3.67738061E-01   3.89311094E-01   4.27338334E-01   4.89137468E-01   5.78765438E-01   6.98269499E-01   8.41950689E-01   1.00000000E+00; ...
    1.00000000E+00   8.08275446E-01   6.33509405E-01   4.89137468E-01   3.79970445E-01   3.05737459E-01   2.59421289E-01   2.33706567E-01   2.20656496E-01   2.15049782E-01   2.13490515E-01   2.15049782E-01   2.20656496E-01   2.33706567E-01   2.59421289E-01   3.05737459E-01   3.79970445E-01   4.89137468E-01   6.33509405E-01   8.08275446E-01   1.00000000E+00; ...
    1.00000000E+00   7.84962020E-01   5.89472948E-01   4.27338334E-01   3.05737459E-01   2.22386280E-01   1.71096841E-01   1.42274618E-01   1.27936747E-01   1.21664431E-01   1.19987951E-01   1.21664431E-01   1.27936747E-01   1.42274618E-01   1.71096841E-01   2.22386280E-01   3.05737459E-01   4.27338334E-01   5.89472948E-01   7.84962020E-01   1.00000000E+00; ...
    1.00000000E+00   7.70616534E-01   5.61806407E-01   3.89311094E-01   2.59421289E-01   1.71096841E-01   1.16388164E-01   8.60124735E-02   7.07624564E-02   6.42001925E-02   6.24064995E-02   6.42001925E-02   7.07624564E-02   8.60124735E-02   1.16388164E-01   1.71096841E-01   2.59421289E-01   3.89311094E-01   5.61806407E-01   7.70616534E-01   1.00000000E+00; ...
    1.00000000E+00   7.62424531E-01   5.46446832E-01   3.67738061E-01   2.33706567E-01   1.42274618E-01   8.60124735E-02   5.46313074E-02   3.90171370E-02   3.22554054E-02   3.04349797E-02   3.22554054E-02   3.90171370E-02   5.46313074E-02   8.60124735E-02   1.42274618E-01   2.33706567E-01   3.67738061E-01   5.46446832E-01   7.62424531E-01   1.00000000E+00; ...
    1.00000000E+00   7.58351799E-01   5.38569369E-01   3.57009978E-01   2.20656496E-01   1.27936747E-01   7.07624564E-02   3.90171370E-02   2.31798507E-02   1.63596889E-02   1.45125304E-02   1.63596889E-02   2.31798507E-02   3.90171370E-02   7.07624564E-02   1.27936747E-01   2.20656496E-01   3.57009978E-01   5.38569369E-01   7.58351799E-01   1.00000000E+00; ...
    1.00000000E+00   7.56528552E-01   5.35190873E-01   3.52253058E-01   2.15049782E-01   1.21664431E-01   6.42001925E-02   3.22554054E-02   1.63596889E-02   9.50477457E-03   7.65456083E-03   9.50477457E-03   1.63596889E-02   3.22554054E-02   6.42001925E-02   1.21664431E-01   2.15049782E-01   3.52253058E-01   5.35190873E-01   7.56528552E-01   1.00000000E+00; ...
    1.00000000E+00   7.56050323E-01   5.34234415E-01   3.50995196E-01   2.13490515E-01   1.19987951E-01   6.24064995E-02   3.04349797E-02   1.45125304E-02   7.65456083E-03   5.80129192E-03   7.65456083E-03   1.45125304E-02   3.04349797E-02   6.24064995E-02   1.19987951E-01   2.13490515E-01   3.50995196E-01   5.34234415E-01   7.56050323E-01   1.00000000E+00; ...
    1.00000000E+00   7.56528552E-01   5.35190873E-01   3.52253058E-01   2.15049782E-01   1.21664431E-01   6.42001925E-02   3.22554054E-02   1.63596889E-02   9.50477457E-03   7.65456083E-03   9.50477457E-03   1.63596889E-02   3.22554054E-02   6.42001925E-02   1.21664431E-01   2.15049782E-01   3.52253058E-01   5.35190873E-01   7.56528552E-01   1.00000000E+00; ...
    1.00000000E+00   7.58351799E-01   5.38569369E-01   3.57009978E-01   2.20656496E-01   1.27936747E-01   7.07624564E-02   3.90171370E-02   2.31798507E-02   1.63596889E-02   1.45125304E-02   1.63596889E-02   2.31798507E-02   3.90171370E-02   7.07624564E-02   1.27936747E-01   2.20656496E-01   3.57009978E-01   5.38569369E-01   7.58351799E-01   1.00000000E+00; ...
    1.00000000E+00   7.62424531E-01   5.46446832E-01   3.67738061E-01   2.33706567E-01   1.42274618E-01   8.60124735E-02   5.46313074E-02   3.90171370E-02   3.22554054E-02   3.04349797E-02   3.22554054E-02   3.90171370E-02   5.46313074E-02   8.60124735E-02   1.42274618E-01   2.33706567E-01   3.67738061E-01   5.46446832E-01   7.62424531E-01   1.00000000E+00; ...
    1.00000000E+00   7.70616534E-01   5.61806407E-01   3.89311094E-01   2.59421289E-01   1.71096841E-01   1.16388164E-01   8.60124735E-02   7.07624564E-02   6.42001925E-02   6.24064995E-02   6.42001925E-02   7.07624564E-02   8.60124735E-02   1.16388164E-01   1.71096841E-01   2.59421289E-01   3.89311094E-01   5.61806407E-01   7.70616534E-01   1.00000000E+00; ...
    1.00000000E+00   7.84962020E-01   5.89472948E-01   4.27338334E-01   3.05737459E-01   2.22386280E-01   1.71096841E-01   1.42274618E-01   1.27936747E-01   1.21664431E-01   1.19987951E-01   1.21664431E-01   1.27936747E-01   1.42274618E-01   1.71096841E-01   2.22386280E-01   3.05737459E-01   4.27338334E-01   5.89472948E-01   7.84962020E-01   1.00000000E+00; ...
    1.00000000E+00   8.08275446E-01   6.33509405E-01   4.89137468E-01   3.79970445E-01   3.05737459E-01   2.59421289E-01   2.33706567E-01   2.20656496E-01   2.15049782E-01   2.13490515E-01   2.15049782E-01   2.20656496E-01   2.33706567E-01   2.59421289E-01   3.05737459E-01   3.79970445E-01   4.89137468E-01   6.33509405E-01   8.08275446E-01   1.00000000E+00; ...
    1.00000000E+00   8.41950689E-01   6.98269499E-01   5.78765438E-01   4.89137468E-01   4.27338334E-01   3.89311094E-01   3.67738061E-01   3.57009978E-01   3.52253058E-01   3.50995196E-01   3.52253058E-01   3.57009978E-01   3.67738061E-01   3.89311094E-01   4.27338334E-01   4.89137468E-01   5.78765438E-01   6.98269499E-01   8.41950689E-01   1.00000000E+00; ...
    1.00000000E+00   8.86851059E-01   7.83580201E-01   6.98269499E-01   6.33509405E-01   5.89472948E-01   5.61806407E-01   5.46446832E-01   5.38569369E-01   5.35190873E-01   5.34234415E-01   5.35190873E-01   5.38569369E-01   5.46446832E-01   5.61806407E-01   5.89472948E-01   6.33509405E-01   6.98269499E-01   7.83580201E-01   8.86851059E-01   1.00000000E+00; ...
    1.00000000E+00   9.40731507E-01   8.86851059E-01   8.41950689E-01   8.08275446E-01   7.84962020E-01   7.70616534E-01   7.62424531E-01   7.58351799E-01   7.56528552E-01   7.56050323E-01   7.56528552E-01   7.58351799E-01   7.62424531E-01   7.70616534E-01   7.84962020E-01   8.08275446E-01   8.41950689E-01   8.86851059E-01   9.40731507E-01   1.00000000E+00; ...
    1.00000000E+00   1.00000000E+00   1.00000000E+00   1.00000000E+00   1.00000000E+00   1.00000000E+00   1.00000000E+00   1.00000000E+00   1.00000000E+00   1.00000000E+00   1.00000000E+00   1.00000000E+00   1.00000000E+00   1.00000000E+00   1.00000000E+00   1.00000000E+00   1.00000000E+00   1.00000000E+00   1.00000000E+00   1.00000000E+00   1.00000000E+00 ];

% Surface plot (auto-generated)
[ny, nx] = size(field);
[X, Y] = meshgrid(1:nx, 1:ny);
fig = figure('Color','w');
ax = axes('Parent', fig);
h = surf(ax, X, Y, field);
shading(ax, 'interp');
colormap(ax, parula);
cb = colorbar(ax);
cb.Label.String = 'field value';
grid(ax, 'on');
box(ax, 'on');
axis(ax, 'tight');
view(ax, 45, 30);
xlabel(ax, 'i (x index)');
ylabel(ax, 'j (y index)');
zlabel(ax, 'field');
title(ax, sprintf('field (%d x %d)', ny, nx));
set(ax, 'FontSize', 12, 'LineWidth', 1);
set(h, 'EdgeColor', 'k');
drawnow;
