% Auto-generated MATLAB script
field = [ ...
    1.00000000E+00   1.00000000E+00   1.00000000E+00   1.00000000E+00   1.00000000E+00   1.00000000E+00   1.00000000E+00   1.00000000E+00   1.00000000E+00   1.00000000E+00   1.00000000E+00   1.00000000E+00   1.00000000E+00   1.00000000E+00   1.00000000E+00   1.00000000E+00   1.00000000E+00   1.00000000E+00   1.00000000E+00   1.00000000E+00   1.00000000E+00; ...
    1.00000000E+00   9.75310205E-01   9.51582548E-01   9.29642394E-01   9.10203279E-01   8.93658703E-01   8.80287702E-01   8.70057321E-01   8.62934869E-01   8.58718135E-01   8.57346449E-01   8.58718135E-01   8.62934869E-01   8.70057321E-01   8.80287702E-01   8.93658703E-01   9.10203279E-01   9.29642394E-01   9.51582548E-01   9.75310205E-01   1.00000000E+00; ...
    1.00000000E+00   9.51582548E-01   9.05016930E-01   8.62026319E-01   8.23848853E-01   7.91460468E-01   7.65177845E-01   7.45176462E-01   7.31152155E-01   7.22939282E-01   7.20195911E-01   7.22939282E-01   7.31152155E-01   7.45176462E-01   7.65177845E-01   7.91460468E-01   8.23848853E-01   8.62026319E-01   9.05016930E-01   9.51582548E-01   1.00000000E+00; ...
    1.00000000E+00   9.29642394E-01   8.62026319E-01   7.99512135E-01   7.44123205E-01   6.96993867E-01   6.58902482E-01   6.29769131E-01   6.09482003E-01   5.97478634E-01   5.93569219E-01   5.97478634E-01   6.09482003E-01   6.29769131E-01   6.58902482E-01   6.96993867E-01   7.44123205E-01   7.99512135E-01   8.62026319E-01   9.29642394E-01   1.00000000E+00; ...
    1.00000000E+00   9.10203279E-01   8.23848853E-01   7.44123205E-01   6.73342539E-01   6.13291977E-01   5.64583427E-01   5.27509710E-01   5.01531377E-01   4.86309127E-01   4.81233668E-01   4.86309127E-01   5.01531377E-01   5.27509710E-01   5.64583427E-01   6.13291977E-01   6.73342539E-01   7.44123205E-01   8.23848853E-01   9.10203279E-01   1.00000000E+00; ...
    1.00000000E+00   8.93658703E-01   7.91460468E-01   6.96993867E-01   6.13291977E-01   5.42101990E-01   4.84558074E-01   4.40574630E-01   4.09935735E-01   3.91825854E-01   3.85915600E-01   3.91825854E-01   4.09935735E-01   4.40574630E-01   4.84558074E-01   5.42101990E-01   6.13291977E-01   6.96993867E-01   7.91460468E-01   8.93658703E-01   1.00000000E+00; ...
    1.00000000E+00   8.80287702E-01   7.65177845E-01   6.58902482E-01   5.64583427E-01   4.84558074E-01   4.19684074E-01   3.70296188E-01   3.35717240E-01   3.15440237E-01   3.08695189E-01   3.15440237E-01   3.35717240E-01   3.70296188E-01   4.19684074E-01   4.84558074E-01   5.64583427E-01   6.58902482E-01   7.65177845E-01   8.80287702E-01   1.00000000E+00; ...
    1.00000000E+00   8.70057321E-01   7.45176462E-01   6.29769131E-01   5.27509710E-01   4.40574630E-01   3.70296188E-01   3.16614344E-01   2.79205826E-01   2.57117840E-01   2.49894136E-01   2.57117840E-01   2.79205826E-01   3.16614344E-01   3.70296188E-01   4.40574630E-01   5.27509710E-01   6.29769131E-01   7.45176462E-01   8.70057321E-01   1.00000000E+00; ...
    1.00000000E+00   8.62934869E-01   7.31152155E-01   6.09482003E-01   5.01531377E-01   4.09935735E-01   3.35717240E-01   2.79205826E-01   2.39666376E-01   2.16466044E-01   2.08763684E-01   2.16466044E-01   2.39666376E-01   2.79205826E-01   3.35717240E-01   4.09935735E-01   5.01531377E-01   6.09482003E-01   7.31152155E-01   8.62934869E-01   1.00000000E+00; ...
    1.00000000E+00   8.58718135E-01   7.22939282E-01   5.97478634E-01   4.86309127E-01   3.91825854E-01   3.15440237E-01   2.57117840E-01   2.16466044E-01   1.92479150E-01   1.84623917E-01   1.92479150E-01   2.16466044E-01   2.57117840E-01   3.15440237E-01   3.91825854E-01   4.86309127E-01   5.97478634E-01   7.22939282E-01   8.58718135E-01   1.00000000E+00; ...
    1.00000000E+00   8.57346449E-01   7.20195911E-01   5.93569219E-01   4.81233668E-01   3.85915600E-01   3.08695189E-01   2.49894136E-01   2.08763684E-01   1.84623917E-01   1.76615810E-01   1.84623917E-01   2.08763684E-01   2.49894136E-01   3.08695189E-01   3.85915600E-01   4.81233668E-01   5.93569219E-01   7.20195911E-01   8.57346449E-01   1.00000000E+00; ...
    1.00000000E+00   8.58718135E-01   7.22939282E-01   5.97478634E-01   4.86309127E-01   3.91825854E-01   3.15440237E-01   2.57117840E-01   2.16466044E-01   1.92479150E-01   1.84623917E-01   1.92479150E-01   2.16466044E-01   2.57117840E-01   3.15440237E-01   3.91825854E-01   4.86309127E-01   5.97478634E-01   7.22939282E-01   8.58718135E-01   1.00000000E+00; ...
    1.00000000E+00   8.62934869E-01   7.31152155E-01   6.09482003E-01   5.01531377E-01   4.09935735E-01   3.35717240E-01   2.79205826E-01   2.39666376E-01   2.16466044E-01   2.08763684E-01   2.16466044E-01   2.39666376E-01   2.79205826E-01   3.35717240E-01   4.09935735E-01   5.01531377E-01   6.09482003E-01   7.31152155E-01   8.62934869E-01   1.00000000E+00; ...
    1.00000000E+00   8.70057321E-01   7.45176462E-01   6.29769131E-01   5.27509710E-01   4.40574630E-01   3.70296188E-01   3.16614344E-01   2.79205826E-01   2.57117840E-01   2.49894136E-01   2.57117840E-01   2.79205826E-01   3.16614344E-01   3.70296188E-01   4.40574630E-01   5.27509710E-01   6.29769131E-01   7.45176462E-01   8.70057321E-01   1.00000000E+00; ...
    1.00000000E+00   8.80287702E-01   7.65177845E-01   6.58902482E-01   5.64583427E-01   4.84558074E-01   4.19684074E-01   3.70296188E-01   3.35717240E-01   3.15440237E-01   3.08695189E-01   3.15440237E-01   3.35717240E-01   3.70296188E-01   4.19684074E-01   4.84558074E-01   5.64583427E-01   6.58902482E-01   7.65177845E-01   8.80287702E-01   1.00000000E+00; ...
    1.00000000E+00   8.93658703E-01   7.91460468E-01   6.96993867E-01   6.13291977E-01   5.42101990E-01   4.84558074E-01   4.40574630E-01   4.09935735E-01   3.91825854E-01   3.85915600E-01   3.91825854E-01   4.09935735E-01   4.40574630E-01   4.84558074E-01   5.42101990E-01   6.13291977E-01   6.96993867E-01   7.91460468E-01   8.93658703E-01   1.00000000E+00; ...
    1.00000000E+00   9.10203279E-01   8.23848853E-01   7.44123205E-01   6.73342539E-01   6.13291977E-01   5.64583427E-01   5.27509710E-01   5.01531377E-01   4.86309127E-01   4.81233668E-01   4.86309127E-01   5.01531377E-01   5.27509710E-01   5.64583427E-01   6.13291977E-01   6.73342539E-01   7.44123205E-01   8.23848853E-01   9.10203279E-01   1.00000000E+00; ...
    1.00000000E+00   9.29642394E-01   8.62026319E-01   7.99512135E-01   7.44123205E-01   6.96993867E-01   6.58902482E-01   6.29769131E-01   6.09482003E-01   5.97478634E-01   5.93569219E-01   5.97478634E-01   6.09482003E-01   6.29769131E-01   6.58902482E-01   6.96993867E-01   7.44123205E-01   7.99512135E-01   8.62026319E-01   9.29642394E-01   1.00000000E+00; ...
    1.00000000E+00   9.51582548E-01   9.05016930E-01   8.62026319E-01   8.23848853E-01   7.91460468E-01   7.65177845E-01   7.45176462E-01   7.31152155E-01   7.22939282E-01   7.20195911E-01   7.22939282E-01   7.31152155E-01   7.45176462E-01   7.65177845E-01   7.91460468E-01   8.23848853E-01   8.62026319E-01   9.05016930E-01   9.51582548E-01   1.00000000E+00; ...
    1.00000000E+00   9.75310205E-01   9.51582548E-01   9.29642394E-01   9.10203279E-01   8.93658703E-01   8.80287702E-01   8.70057321E-01   8.62934869E-01   8.58718135E-01   8.57346449E-01   8.58718135E-01   8.62934869E-01   8.70057321E-01   8.80287702E-01   8.93658703E-01   9.10203279E-01   9.29642394E-01   9.51582548E-01   9.75310205E-01   1.00000000E+00; ...
    1.00000000E+00   1.00000000E+00   1.00000000E+00   1.00000000E+00   1.00000000E+00   1.00000000E+00   1.00000000E+00   1.00000000E+00   1.00000000E+00   1.00000000E+00   1.00000000E+00   1.00000000E+00   1.00000000E+00   1.00000000E+00   1.00000000E+00   1.00000000E+00   1.00000000E+00   1.00000000E+00   1.00000000E+00   1.00000000E+00   1.00000000E+00 ];

% Surface plot (auto-generated)
[ny, nx] = size(field);
[X, Y] = meshgrid(1:nx, 1:ny);
fig = figure('Color','w');
ax = axes('Parent', fig);
h = surf(ax, X, Y, field);
shading(ax, 'interp');
colormap(ax, parula);
cb = colorbar(ax);
cb.Label.String = 'field value';
grid(ax, 'on');
box(ax, 'on');
axis(ax, 'tight');
view(ax, 45, 30);
xlabel(ax, 'i (x index)');
ylabel(ax, 'j (y index)');
zlabel(ax, 'field');
title(ax, sprintf('field (%d x %d)', ny, nx));
set(ax, 'FontSize', 12, 'LineWidth', 1);
set(h, 'EdgeColor', 'k');
drawnow;
