% Auto-generated MATLAB script
field = [ ...
    1.00000000E+00   1.00000000E+00   1.00000000E+00   1.00000000E+00   1.00000000E+00   1.00000000E+00   1.00000000E+00   1.00000000E+00   1.00000000E+00   1.00000000E+00   1.00000000E+00   1.00000000E+00   1.00000000E+00   1.00000000E+00   1.00000000E+00   1.00000000E+00   1.00000000E+00   1.00000000E+00   1.00000000E+00   1.00000000E+00   1.00000000E+00; ...
    1.00000000E+00   9.92083807E-01   9.84365898E-01   9.77034334E-01   9.70276456E-01   9.64250355E-01   9.59113355E-01   9.54978295E-01   9.51957981E-01   9.50110508E-01   9.49494915E-01   9.50110508E-01   9.51957981E-01   9.54978295E-01   9.59113355E-01   9.64250355E-01   9.70276456E-01   9.77034334E-01   9.84365898E-01   9.92083807E-01   1.00000000E+00; ...
    1.00000000E+00   9.84365898E-01   9.69118554E-01   9.54643902E-01   9.41288235E-01   9.29396125E-01   9.19238229E-01   9.11084210E-01   9.05104532E-01   9.01470536E-01   9.00239350E-01   9.01470536E-01   9.05104532E-01   9.11084210E-01   9.19238229E-01   9.29396125E-01   9.41288235E-01   9.54643902E-01   9.69118554E-01   9.84365898E-01   1.00000000E+00; ...
    1.00000000E+00   9.77034334E-01   9.54643902E-01   9.33374319E-01   9.13769023E-01   8.96286728E-01   8.81383758E-01   8.69387567E-01   8.60625309E-01   8.55265641E-01   8.53479712E-01   8.55265641E-01   8.60625309E-01   8.69387567E-01   8.81383758E-01   8.96286728E-01   9.13769023E-01   9.33374319E-01   9.54643902E-01   9.77034334E-01   1.00000000E+00; ...
    1.00000000E+00   9.70276456E-01   9.41288235E-01   9.13769023E-01   8.88377279E-01   8.65767981E-01   8.46455851E-01   8.30953400E-01   8.19584903E-01   8.12675903E-01   8.10335231E-01   8.12675903E-01   8.19584903E-01   8.30953400E-01   8.46455851E-01   8.65767981E-01   8.88377279E-01   9.13769023E-01   9.41288235E-01   9.70276456E-01   1.00000000E+00; ...
    1.00000000E+00   9.64250355E-01   9.29396125E-01   8.96286728E-01   8.65767981E-01   8.38554118E-01   8.15355264E-01   7.96681399E-01   7.83041509E-01   7.74698434E-01   7.71918277E-01   7.74698434E-01   7.83041509E-01   7.96681399E-01   8.15355264E-01   8.38554118E-01   8.65767981E-01   8.96286728E-01   9.29396125E-01   9.64250355E-01   1.00000000E+00; ...
    1.00000000E+00   9.59113355E-01   9.19238229E-01   8.81383758E-01   8.46455851E-01   8.15355264E-01   7.88790284E-01   7.67465601E-01   7.51827610E-01   7.42323752E-01   7.39104109E-01   7.42323752E-01   7.51827610E-01   7.67465601E-01   7.88790284E-01   8.15355264E-01   8.46455851E-01   8.81383758E-01   9.19238229E-01   9.59113355E-01   1.00000000E+00; ...
    1.00000000E+00   9.54978295E-01   9.11084210E-01   8.69387567E-01   8.30953400E-01   7.96681399E-01   7.67465601E-01   7.43948565E-01   7.26770936E-01   7.16264101E-01   7.12762781E-01   7.16264101E-01   7.26770936E-01   7.43948565E-01   7.67465601E-01   7.96681399E-01   8.30953400E-01   8.69387567E-01   9.11084210E-01   9.54978295E-01   1.00000000E+00; ...
    1.00000000E+00   9.51957981E-01   9.05104532E-01   8.60625309E-01   8.19584903E-01   7.83041509E-01   7.51827610E-01   7.26770936E-01   7.08396317E-01   6.97229154E-01   6.93446155E-01   6.97229154E-01   7.08396317E-01   7.26770936E-01   7.51827610E-01   7.83041509E-01   8.19584903E-01   8.60625309E-01   9.05104532E-01   9.51957981E-01   1.00000000E+00; ...
    1.00000000E+00   9.50110508E-01   9.01470536E-01   8.55265641E-01   8.12675903E-01   7.74698434E-01   7.42323752E-01   7.16264101E-01   6.97229154E-01   6.85586385E-01   6.81706430E-01   6.85586385E-01   6.97229154E-01   7.16264101E-01   7.42323752E-01   7.74698434E-01   8.12675903E-01   8.55265641E-01   9.01470536E-01   9.50110508E-01   1.00000000E+00; ...
    1.00000000E+00   9.49494915E-01   9.00239350E-01   8.53479712E-01   8.10335231E-01   7.71918277E-01   7.39104109E-01   7.12762781E-01   6.93446155E-01   6.81706430E-01   6.77729519E-01   6.81706430E-01   6.93446155E-01   7.12762781E-01   7.39104109E-01   7.71918277E-01   8.10335231E-01   8.53479712E-01   9.00239350E-01   9.49494915E-01   1.00000000E+00; ...
    1.00000000E+00   9.50110508E-01   9.01470536E-01   8.55265641E-01   8.12675903E-01   7.74698434E-01   7.42323752E-01   7.16264101E-01   6.97229154E-01   6.85586385E-01   6.81706430E-01   6.85586385E-01   6.97229154E-01   7.16264101E-01   7.42323752E-01   7.74698434E-01   8.12675903E-01   8.55265641E-01   9.01470536E-01   9.50110508E-01   1.00000000E+00; ...
    1.00000000E+00   9.51957981E-01   9.05104532E-01   8.60625309E-01   8.19584903E-01   7.83041509E-01   7.51827610E-01   7.26770936E-01   7.08396317E-01   6.97229154E-01   6.93446155E-01   6.97229154E-01   7.08396317E-01   7.26770936E-01   7.51827610E-01   7.83041509E-01   8.19584903E-01   8.60625309E-01   9.05104532E-01   9.51957981E-01   1.00000000E+00; ...
    1.00000000E+00   9.54978295E-01   9.11084210E-01   8.69387567E-01   8.30953400E-01   7.96681399E-01   7.67465601E-01   7.43948565E-01   7.26770936E-01   7.16264101E-01   7.12762781E-01   7.16264101E-01   7.26770936E-01   7.43948565E-01   7.67465601E-01   7.96681399E-01   8.30953400E-01   8.69387567E-01   9.11084210E-01   9.54978295E-01   1.00000000E+00; ...
    1.00000000E+00   9.59113355E-01   9.19238229E-01   8.81383758E-01   8.46455851E-01   8.15355264E-01   7.88790284E-01   7.67465601E-01   7.51827610E-01   7.42323752E-01   7.39104109E-01   7.42323752E-01   7.51827610E-01   7.67465601E-01   7.88790284E-01   8.15355264E-01   8.46455851E-01   8.81383758E-01   9.19238229E-01   9.59113355E-01   1.00000000E+00; ...
    1.00000000E+00   9.64250355E-01   9.29396125E-01   8.96286728E-01   8.65767981E-01   8.38554118E-01   8.15355264E-01   7.96681399E-01   7.83041509E-01   7.74698434E-01   7.71918277E-01   7.74698434E-01   7.83041509E-01   7.96681399E-01   8.15355264E-01   8.38554118E-01   8.65767981E-01   8.96286728E-01   9.29396125E-01   9.64250355E-01   1.00000000E+00; ...
    1.00000000E+00   9.70276456E-01   9.41288235E-01   9.13769023E-01   8.88377279E-01   8.65767981E-01   8.46455851E-01   8.30953400E-01   8.19584903E-01   8.12675903E-01   8.10335231E-01   8.12675903E-01   8.19584903E-01   8.30953400E-01   8.46455851E-01   8.65767981E-01   8.88377279E-01   9.13769023E-01   9.41288235E-01   9.70276456E-01   1.00000000E+00; ...
    1.00000000E+00   9.77034334E-01   9.54643902E-01   9.33374319E-01   9.13769023E-01   8.96286728E-01   8.81383758E-01   8.69387567E-01   8.60625309E-01   8.55265641E-01   8.53479712E-01   8.55265641E-01   8.60625309E-01   8.69387567E-01   8.81383758E-01   8.96286728E-01   9.13769023E-01   9.33374319E-01   9.54643902E-01   9.77034334E-01   1.00000000E+00; ...
    1.00000000E+00   9.84365898E-01   9.69118554E-01   9.54643902E-01   9.41288235E-01   9.29396125E-01   9.19238229E-01   9.11084210E-01   9.05104532E-01   9.01470536E-01   9.00239350E-01   9.01470536E-01   9.05104532E-01   9.11084210E-01   9.19238229E-01   9.29396125E-01   9.41288235E-01   9.54643902E-01   9.69118554E-01   9.84365898E-01   1.00000000E+00; ...
    1.00000000E+00   9.92083807E-01   9.84365898E-01   9.77034334E-01   9.70276456E-01   9.64250355E-01   9.59113355E-01   9.54978295E-01   9.51957981E-01   9.50110508E-01   9.49494915E-01   9.50110508E-01   9.51957981E-01   9.54978295E-01   9.59113355E-01   9.64250355E-01   9.70276456E-01   9.77034334E-01   9.84365898E-01   9.92083807E-01   1.00000000E+00; ...
    1.00000000E+00   1.00000000E+00   1.00000000E+00   1.00000000E+00   1.00000000E+00   1.00000000E+00   1.00000000E+00   1.00000000E+00   1.00000000E+00   1.00000000E+00   1.00000000E+00   1.00000000E+00   1.00000000E+00   1.00000000E+00   1.00000000E+00   1.00000000E+00   1.00000000E+00   1.00000000E+00   1.00000000E+00   1.00000000E+00   1.00000000E+00 ];

% Surface plot (auto-generated)
[ny, nx] = size(field);
[X, Y] = meshgrid(1:nx, 1:ny);
fig = figure('Color','w');
ax = axes('Parent', fig);
h = surf(ax, X, Y, field);
shading(ax, 'interp');
colormap(ax, parula);
cb = colorbar(ax);
cb.Label.String = 'field value';
grid(ax, 'on');
box(ax, 'on');
axis(ax, 'tight');
view(ax, 45, 30);
xlabel(ax, 'i (x index)');
ylabel(ax, 'j (y index)');
zlabel(ax, 'field');
title(ax, sprintf('field (%d x %d)', ny, nx));
set(ax, 'FontSize', 12, 'LineWidth', 1);
set(h, 'EdgeColor', 'k');
drawnow;
