% Auto-generated MATLAB script
field = [ ...
    1.00000000E+00   1.00000000E+00   1.00000000E+00   1.00000000E+00   1.00000000E+00   1.00000000E+00   1.00000000E+00   1.00000000E+00   1.00000000E+00   1.00000000E+00   1.00000000E+00   1.00000000E+00   1.00000000E+00   1.00000000E+00   1.00000000E+00   1.00000000E+00   1.00000000E+00   1.00000000E+00   1.00000000E+00   1.00000000E+00   1.00000000E+00; ...
    1.00000000E+00   9.93831962E-01   9.87817355E-01   9.82101951E-01   9.76831316E-01   9.72128915E-01   9.68117991E-01   9.64887668E-01   9.62527060E-01   9.61082670E-01   9.60601273E-01   9.61082670E-01   9.62527060E-01   9.64887668E-01   9.68117991E-01   9.72128915E-01   9.76831316E-01   9.82101951E-01   9.87817355E-01   9.93831962E-01   1.00000000E+00; ...
    1.00000000E+00   9.87817355E-01   9.75934031E-01   9.64649114E-01   9.54231880E-01   9.44951114E-01   9.37019324E-01   9.30648735E-01   9.25974839E-01   9.23133380E-01   9.22170586E-01   9.23133380E-01   9.25974839E-01   9.30648735E-01   9.37019324E-01   9.44951114E-01   9.54231880E-01   9.64649114E-01   9.75934031E-01   9.87817355E-01   1.00000000E+00; ...
    1.00000000E+00   9.82101951E-01   9.64649114E-01   9.48064494E-01   9.32770471E-01   9.19125327E-01   9.07486657E-01   8.98113103E-01   8.91263221E-01   8.87071986E-01   8.85675087E-01   8.87071986E-01   8.91263221E-01   8.98113103E-01   9.07486657E-01   9.19125327E-01   9.32770471E-01   9.48064494E-01   9.64649114E-01   9.82101951E-01   1.00000000E+00; ...
    1.00000000E+00   9.76831316E-01   9.54231880E-01   9.32770471E-01   9.12959219E-01   8.95309255E-01   8.80224767E-01   8.68109310E-01   8.59220615E-01   8.53816778E-01   8.51985774E-01   8.53816778E-01   8.59220615E-01   8.68109310E-01   8.80224767E-01   8.95309255E-01   9.12959219E-01   9.32770471E-01   9.54231880E-01   9.76831316E-01   1.00000000E+00; ...
    1.00000000E+00   9.72128915E-01   9.44951114E-01   9.19125327E-01   8.95309255E-01   8.74060866E-01   8.55936955E-01   8.41340351E-01   8.30673600E-01   8.24146975E-01   8.21971682E-01   8.24146975E-01   8.30673600E-01   8.41340351E-01   8.55936955E-01   8.74060866E-01   8.95309255E-01   9.19125327E-01   9.44951114E-01   9.72128915E-01   1.00000000E+00; ...
    1.00000000E+00   9.68117991E-01   9.37019324E-01   9.07486657E-01   8.80224767E-01   8.55936955E-01   8.35179488E-01   8.18507604E-01   8.06276060E-01   7.98839911E-01   7.96320328E-01   7.98839911E-01   8.06276060E-01   8.18507604E-01   8.35179488E-01   8.55936955E-01   8.80224767E-01   9.07486657E-01   9.37019324E-01   9.68117991E-01   1.00000000E+00; ...
    1.00000000E+00   9.64887668E-01   9.30648735E-01   8.98113103E-01   8.68109310E-01   8.41340351E-01   8.18507604E-01   8.00118651E-01   7.86680522E-01   7.78458230E-01   7.75717740E-01   7.78458230E-01   7.86680522E-01   8.00118651E-01   8.18507604E-01   8.41340351E-01   8.68109310E-01   8.98113103E-01   9.30648735E-01   9.64887668E-01   1.00000000E+00; ...
    1.00000000E+00   9.62527060E-01   9.25974839E-01   8.91263221E-01   8.59220615E-01   8.30673600E-01   8.06276060E-01   7.86680522E-01   7.72304042E-01   7.63563841E-01   7.60602444E-01   7.63563841E-01   7.72304042E-01   7.86680522E-01   8.06276060E-01   8.30673600E-01   8.59220615E-01   8.91263221E-01   9.25974839E-01   9.62527060E-01   1.00000000E+00; ...
    1.00000000E+00   9.61082670E-01   9.23133380E-01   8.87071986E-01   8.53816778E-01   8.24146975E-01   7.98839911E-01   7.78458230E-01   7.63563841E-01   7.54450549E-01   7.51413062E-01   7.54450549E-01   7.63563841E-01   7.78458230E-01   7.98839911E-01   8.24146975E-01   8.53816778E-01   8.87071986E-01   9.23133380E-01   9.61082670E-01   1.00000000E+00; ...
    1.00000000E+00   9.60601273E-01   9.22170586E-01   8.85675087E-01   8.51985774E-01   8.21971682E-01   7.96320328E-01   7.75717740E-01   7.60602444E-01   7.51413062E-01   7.48299485E-01   7.51413062E-01   7.60602444E-01   7.75717740E-01   7.96320328E-01   8.21971682E-01   8.51985774E-01   8.85675087E-01   9.22170586E-01   9.60601273E-01   1.00000000E+00; ...
    1.00000000E+00   9.61082670E-01   9.23133380E-01   8.87071986E-01   8.53816778E-01   8.24146975E-01   7.98839911E-01   7.78458230E-01   7.63563841E-01   7.54450549E-01   7.51413062E-01   7.54450549E-01   7.63563841E-01   7.78458230E-01   7.98839911E-01   8.24146975E-01   8.53816778E-01   8.87071986E-01   9.23133380E-01   9.61082670E-01   1.00000000E+00; ...
    1.00000000E+00   9.62527060E-01   9.25974839E-01   8.91263221E-01   8.59220615E-01   8.30673600E-01   8.06276060E-01   7.86680522E-01   7.72304042E-01   7.63563841E-01   7.60602444E-01   7.63563841E-01   7.72304042E-01   7.86680522E-01   8.06276060E-01   8.30673600E-01   8.59220615E-01   8.91263221E-01   9.25974839E-01   9.62527060E-01   1.00000000E+00; ...
    1.00000000E+00   9.64887668E-01   9.30648735E-01   8.98113103E-01   8.68109310E-01   8.41340351E-01   8.18507604E-01   8.00118651E-01   7.86680522E-01   7.78458230E-01   7.75717740E-01   7.78458230E-01   7.86680522E-01   8.00118651E-01   8.18507604E-01   8.41340351E-01   8.68109310E-01   8.98113103E-01   9.30648735E-01   9.64887668E-01   1.00000000E+00; ...
    1.00000000E+00   9.68117991E-01   9.37019324E-01   9.07486657E-01   8.80224767E-01   8.55936955E-01   8.35179488E-01   8.18507604E-01   8.06276060E-01   7.98839911E-01   7.96320328E-01   7.98839911E-01   8.06276060E-01   8.18507604E-01   8.35179488E-01   8.55936955E-01   8.80224767E-01   9.07486657E-01   9.37019324E-01   9.68117991E-01   1.00000000E+00; ...
    1.00000000E+00   9.72128915E-01   9.44951114E-01   9.19125327E-01   8.95309255E-01   8.74060866E-01   8.55936955E-01   8.41340351E-01   8.30673600E-01   8.24146975E-01   8.21971682E-01   8.24146975E-01   8.30673600E-01   8.41340351E-01   8.55936955E-01   8.74060866E-01   8.95309255E-01   9.19125327E-01   9.44951114E-01   9.72128915E-01   1.00000000E+00; ...
    1.00000000E+00   9.76831316E-01   9.54231880E-01   9.32770471E-01   9.12959219E-01   8.95309255E-01   8.80224767E-01   8.68109310E-01   8.59220615E-01   8.53816778E-01   8.51985774E-01   8.53816778E-01   8.59220615E-01   8.68109310E-01   8.80224767E-01   8.95309255E-01   9.12959219E-01   9.32770471E-01   9.54231880E-01   9.76831316E-01   1.00000000E+00; ...
    1.00000000E+00   9.82101951E-01   9.64649114E-01   9.48064494E-01   9.32770471E-01   9.19125327E-01   9.07486657E-01   8.98113103E-01   8.91263221E-01   8.87071986E-01   8.85675087E-01   8.87071986E-01   8.91263221E-01   8.98113103E-01   9.07486657E-01   9.19125327E-01   9.32770471E-01   9.48064494E-01   9.64649114E-01   9.82101951E-01   1.00000000E+00; ...
    1.00000000E+00   9.87817355E-01   9.75934031E-01   9.64649114E-01   9.54231880E-01   9.44951114E-01   9.37019324E-01   9.30648735E-01   9.25974839E-01   9.23133380E-01   9.22170586E-01   9.23133380E-01   9.25974839E-01   9.30648735E-01   9.37019324E-01   9.44951114E-01   9.54231880E-01   9.64649114E-01   9.75934031E-01   9.87817355E-01   1.00000000E+00; ...
    1.00000000E+00   9.93831962E-01   9.87817355E-01   9.82101951E-01   9.76831316E-01   9.72128915E-01   9.68117991E-01   9.64887668E-01   9.62527060E-01   9.61082670E-01   9.60601273E-01   9.61082670E-01   9.62527060E-01   9.64887668E-01   9.68117991E-01   9.72128915E-01   9.76831316E-01   9.82101951E-01   9.87817355E-01   9.93831962E-01   1.00000000E+00; ...
    1.00000000E+00   1.00000000E+00   1.00000000E+00   1.00000000E+00   1.00000000E+00   1.00000000E+00   1.00000000E+00   1.00000000E+00   1.00000000E+00   1.00000000E+00   1.00000000E+00   1.00000000E+00   1.00000000E+00   1.00000000E+00   1.00000000E+00   1.00000000E+00   1.00000000E+00   1.00000000E+00   1.00000000E+00   1.00000000E+00   1.00000000E+00 ];

% Surface plot (auto-generated)
[ny, nx] = size(field);
[X, Y] = meshgrid(1:nx, 1:ny);
fig = figure('Color','w');
ax = axes('Parent', fig);
h = surf(ax, X, Y, field);
shading(ax, 'interp');
colormap(ax, parula);
cb = colorbar(ax);
cb.Label.String = 'field value';
grid(ax, 'on');
box(ax, 'on');
axis(ax, 'tight');
view(ax, 45, 30);
xlabel(ax, 'i (x index)');
ylabel(ax, 'j (y index)');
zlabel(ax, 'field');
title(ax, sprintf('field (%d x %d)', ny, nx));
set(ax, 'FontSize', 12, 'LineWidth', 1);
set(h, 'EdgeColor', 'k');
drawnow;
