% Auto-generated MATLAB script
field = [ ...
    1.00000000E+00   1.00000000E+00   1.00000000E+00   1.00000000E+00   1.00000000E+00   1.00000000E+00   1.00000000E+00   1.00000000E+00   1.00000000E+00   1.00000000E+00   1.00000000E+00   1.00000000E+00   1.00000000E+00   1.00000000E+00   1.00000000E+00   1.00000000E+00   1.00000000E+00   1.00000000E+00   1.00000000E+00   1.00000000E+00   1.00000000E+00; ...
    1.00000000E+00   9.84826634E-01   9.70079256E-01   9.56150887E-01   9.43417995E-01   9.32171288E-01   9.22683867E-01   9.15120193E-01   9.09644047E-01   9.06313657E-01   9.05208796E-01   9.06313657E-01   9.09644047E-01   9.15120193E-01   9.22683867E-01   9.32171288E-01   9.43417995E-01   9.56150887E-01   9.70079256E-01   9.84826634E-01   1.00000000E+00; ...
    1.00000000E+00   9.70079256E-01   9.40986960E-01   9.13532684E-01   8.88403293E-01   8.66246272E-01   8.47510483E-01   8.32622188E-01   8.21793300E-01   8.15255924E-01   8.13046201E-01   8.15255924E-01   8.21793300E-01   8.32622188E-01   8.47510483E-01   8.66246272E-01   8.88403293E-01   9.13532684E-01   9.40986960E-01   9.70079256E-01   1.00000000E+00; ...
    1.00000000E+00   9.56150887E-01   9.13532684E-01   8.73282017E-01   8.36485644E-01   8.03985290E-01   7.76568116E-01   7.54711547E-01   7.38886264E-01   7.29263056E-01   7.26069628E-01   7.29263056E-01   7.38886264E-01   7.54711547E-01   7.76568116E-01   8.03985290E-01   8.36485644E-01   8.73282017E-01   9.13532684E-01   9.56150887E-01   1.00000000E+00; ...
    1.00000000E+00   9.43417995E-01   8.88403293E-01   8.36485644E-01   7.88966196E-01   7.47066418E-01   7.11638547E-01   6.83484393E-01   6.63008898E-01   6.50646042E-01   6.46468906E-01   6.50646042E-01   6.63008898E-01   6.83484393E-01   7.11638547E-01   7.47066418E-01   7.88966196E-01   8.36485644E-01   8.88403293E-01   9.43417995E-01   1.00000000E+00; ...
    1.00000000E+00   9.32171288E-01   8.66246272E-01   8.03985290E-01   7.47066418E-01   6.96795780E-01   6.54385777E-01   6.20580370E-01   5.96100995E-01   5.81218212E-01   5.76277091E-01   5.81218212E-01   5.96100995E-01   6.20580370E-01   6.54385777E-01   6.96795780E-01   7.47066418E-01   8.03985290E-01   8.66246272E-01   9.32171288E-01   1.00000000E+00; ...
    1.00000000E+00   9.22683867E-01   8.47510483E-01   7.76568116E-01   7.11638547E-01   6.54385777E-01   6.05980164E-01   5.67510028E-01   5.39535878E-01   5.22642272E-01   5.16937166E-01   5.22642272E-01   5.39535878E-01   5.67510028E-01   6.05980164E-01   6.54385777E-01   7.11638547E-01   7.76568116E-01   8.47510483E-01   9.22683867E-01   1.00000000E+00; ...
    1.00000000E+00   9.15120193E-01   8.32622188E-01   7.54711547E-01   6.83484393E-01   6.20580370E-01   5.67510028E-01   5.25211255E-01   4.94578423E-01   4.75958178E-01   4.69773271E-01   4.75958178E-01   4.94578423E-01   5.25211255E-01   5.67510028E-01   6.20580370E-01   6.83484393E-01   7.54711547E-01   8.32622188E-01   9.15120193E-01   1.00000000E+00; ...
    1.00000000E+00   9.09644047E-01   8.21793300E-01   7.38886264E-01   6.63008898E-01   5.96100995E-01   5.39535878E-01   4.94578423E-01   4.61890542E-01   4.42147292E-01   4.35482584E-01   4.42147292E-01   4.61890542E-01   4.94578423E-01   5.39535878E-01   5.96100995E-01   6.63008898E-01   7.38886264E-01   8.21793300E-01   9.09644047E-01   1.00000000E+00; ...
    1.00000000E+00   9.06313657E-01   8.15255924E-01   7.29263056E-01   6.50646042E-01   5.81218212E-01   5.22642272E-01   4.75958178E-01   4.42147292E-01   4.21597788E-01   4.14770031E-01   4.21597788E-01   4.42147292E-01   4.75958178E-01   5.22642272E-01   5.81218212E-01   6.50646042E-01   7.29263056E-01   8.15255924E-01   9.06313657E-01   1.00000000E+00; ...
    1.00000000E+00   9.05208796E-01   8.13046201E-01   7.26069628E-01   6.46468906E-01   5.76277091E-01   5.16937166E-01   4.69773271E-01   4.35482584E-01   4.14770031E-01   4.07779226E-01   4.14770031E-01   4.35482584E-01   4.69773271E-01   5.16937166E-01   5.76277091E-01   6.46468906E-01   7.26069628E-01   8.13046201E-01   9.05208796E-01   1.00000000E+00; ...
    1.00000000E+00   9.06313657E-01   8.15255924E-01   7.29263056E-01   6.50646042E-01   5.81218212E-01   5.22642272E-01   4.75958178E-01   4.42147292E-01   4.21597788E-01   4.14770031E-01   4.21597788E-01   4.42147292E-01   4.75958178E-01   5.22642272E-01   5.81218212E-01   6.50646042E-01   7.29263056E-01   8.15255924E-01   9.06313657E-01   1.00000000E+00; ...
    1.00000000E+00   9.09644047E-01   8.21793300E-01   7.38886264E-01   6.63008898E-01   5.96100995E-01   5.39535878E-01   4.94578423E-01   4.61890542E-01   4.42147292E-01   4.35482584E-01   4.42147292E-01   4.61890542E-01   4.94578423E-01   5.39535878E-01   5.96100995E-01   6.63008898E-01   7.38886264E-01   8.21793300E-01   9.09644047E-01   1.00000000E+00; ...
    1.00000000E+00   9.15120193E-01   8.32622188E-01   7.54711547E-01   6.83484393E-01   6.20580370E-01   5.67510028E-01   5.25211255E-01   4.94578423E-01   4.75958178E-01   4.69773271E-01   4.75958178E-01   4.94578423E-01   5.25211255E-01   5.67510028E-01   6.20580370E-01   6.83484393E-01   7.54711547E-01   8.32622188E-01   9.15120193E-01   1.00000000E+00; ...
    1.00000000E+00   9.22683867E-01   8.47510483E-01   7.76568116E-01   7.11638547E-01   6.54385777E-01   6.05980164E-01   5.67510028E-01   5.39535878E-01   5.22642272E-01   5.16937166E-01   5.22642272E-01   5.39535878E-01   5.67510028E-01   6.05980164E-01   6.54385777E-01   7.11638547E-01   7.76568116E-01   8.47510483E-01   9.22683867E-01   1.00000000E+00; ...
    1.00000000E+00   9.32171288E-01   8.66246272E-01   8.03985290E-01   7.47066418E-01   6.96795780E-01   6.54385777E-01   6.20580370E-01   5.96100995E-01   5.81218212E-01   5.76277091E-01   5.81218212E-01   5.96100995E-01   6.20580370E-01   6.54385777E-01   6.96795780E-01   7.47066418E-01   8.03985290E-01   8.66246272E-01   9.32171288E-01   1.00000000E+00; ...
    1.00000000E+00   9.43417995E-01   8.88403293E-01   8.36485644E-01   7.88966196E-01   7.47066418E-01   7.11638547E-01   6.83484393E-01   6.63008898E-01   6.50646042E-01   6.46468906E-01   6.50646042E-01   6.63008898E-01   6.83484393E-01   7.11638547E-01   7.47066418E-01   7.88966196E-01   8.36485644E-01   8.88403293E-01   9.43417995E-01   1.00000000E+00; ...
    1.00000000E+00   9.56150887E-01   9.13532684E-01   8.73282017E-01   8.36485644E-01   8.03985290E-01   7.76568116E-01   7.54711547E-01   7.38886264E-01   7.29263056E-01   7.26069628E-01   7.29263056E-01   7.38886264E-01   7.54711547E-01   7.76568116E-01   8.03985290E-01   8.36485644E-01   8.73282017E-01   9.13532684E-01   9.56150887E-01   1.00000000E+00; ...
    1.00000000E+00   9.70079256E-01   9.40986960E-01   9.13532684E-01   8.88403293E-01   8.66246272E-01   8.47510483E-01   8.32622188E-01   8.21793300E-01   8.15255924E-01   8.13046201E-01   8.15255924E-01   8.21793300E-01   8.32622188E-01   8.47510483E-01   8.66246272E-01   8.88403293E-01   9.13532684E-01   9.40986960E-01   9.70079256E-01   1.00000000E+00; ...
    1.00000000E+00   9.84826634E-01   9.70079256E-01   9.56150887E-01   9.43417995E-01   9.32171288E-01   9.22683867E-01   9.15120193E-01   9.09644047E-01   9.06313657E-01   9.05208796E-01   9.06313657E-01   9.09644047E-01   9.15120193E-01   9.22683867E-01   9.32171288E-01   9.43417995E-01   9.56150887E-01   9.70079256E-01   9.84826634E-01   1.00000000E+00; ...
    1.00000000E+00   1.00000000E+00   1.00000000E+00   1.00000000E+00   1.00000000E+00   1.00000000E+00   1.00000000E+00   1.00000000E+00   1.00000000E+00   1.00000000E+00   1.00000000E+00   1.00000000E+00   1.00000000E+00   1.00000000E+00   1.00000000E+00   1.00000000E+00   1.00000000E+00   1.00000000E+00   1.00000000E+00   1.00000000E+00   1.00000000E+00 ];

% Surface plot (auto-generated)
[ny, nx] = size(field);
[X, Y] = meshgrid(1:nx, 1:ny);
fig = figure('Color','w');
ax = axes('Parent', fig);
h = surf(ax, X, Y, field);
shading(ax, 'interp');
colormap(ax, parula);
cb = colorbar(ax);
cb.Label.String = 'field value';
grid(ax, 'on');
box(ax, 'on');
axis(ax, 'tight');
view(ax, 45, 30);
xlabel(ax, 'i (x index)');
ylabel(ax, 'j (y index)');
zlabel(ax, 'field');
title(ax, sprintf('field (%d x %d)', ny, nx));
set(ax, 'FontSize', 12, 'LineWidth', 1);
set(h, 'EdgeColor', 'k');
drawnow;
