% Auto-generated MATLAB script
field = [ ...
    1.00000000E+00   1.00000000E+00   1.00000000E+00   1.00000000E+00   1.00000000E+00   1.00000000E+00   1.00000000E+00   1.00000000E+00   1.00000000E+00   1.00000000E+00   1.00000000E+00   1.00000000E+00   1.00000000E+00   1.00000000E+00   1.00000000E+00   1.00000000E+00   1.00000000E+00   1.00000000E+00   1.00000000E+00   1.00000000E+00   1.00000000E+00; ...
    1.00000000E+00   9.82446202E-01   9.65421958E-01   9.49407802E-01   9.34853224E-01   9.22084432E-01   9.11394727E-01   9.02932981E-01   8.96846912E-01   8.93161814E-01   8.91943286E-01   8.93161814E-01   8.96846912E-01   9.02932981E-01   9.11394727E-01   9.22084432E-01   9.34853224E-01   9.49407802E-01   9.65421958E-01   9.82446202E-01   1.00000000E+00; ...
    1.00000000E+00   9.65421958E-01   9.31871714E-01   9.00341643E-01   8.71644316E-01   8.46518560E-01   8.25427599E-01   8.08792557E-01   7.96767494E-01   7.89544376E-01   7.87107320E-01   7.89544376E-01   7.96767494E-01   8.08792557E-01   8.25427599E-01   8.46518560E-01   8.71644316E-01   9.00341643E-01   9.31871714E-01   9.65421958E-01   1.00000000E+00; ...
    1.00000000E+00   9.49407802E-01   9.00341643E-01   8.54188210E-01   8.12240686E-01   7.75442369E-01   7.44634556E-01   7.20250293E-01   7.02710312E-01   6.92092038E-01   6.88579318E-01   6.92092038E-01   7.02710312E-01   7.20250293E-01   7.44634556E-01   7.75442369E-01   8.12240686E-01   8.54188210E-01   9.00341643E-01   9.49407802E-01   1.00000000E+00; ...
    1.00000000E+00   9.34853224E-01   8.71644316E-01   8.12240686E-01   7.58177725E-01   7.10841610E-01   6.71111519E-01   6.39772609E-01   6.17122754E-01   6.03514368E-01   5.98925984E-01   6.03514368E-01   6.17122754E-01   6.39772609E-01   6.71111519E-01   7.10841610E-01   7.58177725E-01   8.12240686E-01   8.71644316E-01   9.34853224E-01   1.00000000E+00; ...
    1.00000000E+00   9.22084432E-01   8.46518560E-01   7.75442369E-01   7.10841610E-01   6.54176958E-01   6.06733851E-01   5.69189282E-01   5.42178543E-01   5.25832299E-01   5.20420508E-01   5.25832299E-01   5.42178543E-01   5.69189282E-01   6.06733851E-01   6.54176958E-01   7.10841610E-01   7.75442369E-01   8.46518560E-01   9.22084432E-01   1.00000000E+00; ...
    1.00000000E+00   9.11394727E-01   8.25427599E-01   7.44634556E-01   6.71111519E-01   6.06733851E-01   5.52708342E-01   5.10088730E-01   4.79293189E-01   4.60785174E-01   4.54549973E-01   4.60785174E-01   4.79293189E-01   5.10088730E-01   5.52708342E-01   6.06733851E-01   6.71111519E-01   7.44634556E-01   8.25427599E-01   9.11394727E-01   1.00000000E+00; ...
    1.00000000E+00   9.02932981E-01   8.08792557E-01   7.20250293E-01   6.39772609E-01   5.69189282E-01   5.10088730E-01   4.63327140E-01   4.29679866E-01   4.09324209E-01   4.02579730E-01   4.09324209E-01   4.29679866E-01   4.63327140E-01   5.10088730E-01   5.69189282E-01   6.39772609E-01   7.20250293E-01   8.08792557E-01   9.02932981E-01   1.00000000E+00; ...
    1.00000000E+00   8.96846912E-01   7.96767494E-01   7.02710312E-01   6.17122754E-01   5.42178543E-01   4.79293189E-01   4.29679866E-01   3.93837923E-01   3.72291686E-01   3.65037930E-01   3.72291686E-01   3.93837923E-01   4.29679866E-01   4.79293189E-01   5.42178543E-01   6.17122754E-01   7.02710312E-01   7.96767494E-01   8.96846912E-01   1.00000000E+00; ...
    1.00000000E+00   8.93161814E-01   7.89544376E-01   6.92092038E-01   6.03514368E-01   5.25832299E-01   4.60785174E-01   4.09324209E-01   3.72291686E-01   3.49892786E-01   3.42467666E-01   3.49892786E-01   3.72291686E-01   4.09324209E-01   4.60785174E-01   5.25832299E-01   6.03514368E-01   6.92092038E-01   7.89544376E-01   8.93161814E-01   1.00000000E+00; ...
    1.00000000E+00   8.91943286E-01   7.87107320E-01   6.88579318E-01   5.98925984E-01   5.20420508E-01   4.54549973E-01   4.02579730E-01   3.65037930E-01   3.42467666E-01   3.34871183E-01   3.42467666E-01   3.65037930E-01   4.02579730E-01   4.54549973E-01   5.20420508E-01   5.98925984E-01   6.88579318E-01   7.87107320E-01   8.91943286E-01   1.00000000E+00; ...
    1.00000000E+00   8.93161814E-01   7.89544376E-01   6.92092038E-01   6.03514368E-01   5.25832299E-01   4.60785174E-01   4.09324209E-01   3.72291686E-01   3.49892786E-01   3.42467666E-01   3.49892786E-01   3.72291686E-01   4.09324209E-01   4.60785174E-01   5.25832299E-01   6.03514368E-01   6.92092038E-01   7.89544376E-01   8.93161814E-01   1.00000000E+00; ...
    1.00000000E+00   8.96846912E-01   7.96767494E-01   7.02710312E-01   6.17122754E-01   5.42178543E-01   4.79293189E-01   4.29679866E-01   3.93837923E-01   3.72291686E-01   3.65037930E-01   3.72291686E-01   3.93837923E-01   4.29679866E-01   4.79293189E-01   5.42178543E-01   6.17122754E-01   7.02710312E-01   7.96767494E-01   8.96846912E-01   1.00000000E+00; ...
    1.00000000E+00   9.02932981E-01   8.08792557E-01   7.20250293E-01   6.39772609E-01   5.69189282E-01   5.10088730E-01   4.63327140E-01   4.29679866E-01   4.09324209E-01   4.02579730E-01   4.09324209E-01   4.29679866E-01   4.63327140E-01   5.10088730E-01   5.69189282E-01   6.39772609E-01   7.20250293E-01   8.08792557E-01   9.02932981E-01   1.00000000E+00; ...
    1.00000000E+00   9.11394727E-01   8.25427599E-01   7.44634556E-01   6.71111519E-01   6.06733851E-01   5.52708342E-01   5.10088730E-01   4.79293189E-01   4.60785174E-01   4.54549973E-01   4.60785174E-01   4.79293189E-01   5.10088730E-01   5.52708342E-01   6.06733851E-01   6.71111519E-01   7.44634556E-01   8.25427599E-01   9.11394727E-01   1.00000000E+00; ...
    1.00000000E+00   9.22084432E-01   8.46518560E-01   7.75442369E-01   7.10841610E-01   6.54176958E-01   6.06733851E-01   5.69189282E-01   5.42178543E-01   5.25832299E-01   5.20420508E-01   5.25832299E-01   5.42178543E-01   5.69189282E-01   6.06733851E-01   6.54176958E-01   7.10841610E-01   7.75442369E-01   8.46518560E-01   9.22084432E-01   1.00000000E+00; ...
    1.00000000E+00   9.34853224E-01   8.71644316E-01   8.12240686E-01   7.58177725E-01   7.10841610E-01   6.71111519E-01   6.39772609E-01   6.17122754E-01   6.03514368E-01   5.98925984E-01   6.03514368E-01   6.17122754E-01   6.39772609E-01   6.71111519E-01   7.10841610E-01   7.58177725E-01   8.12240686E-01   8.71644316E-01   9.34853224E-01   1.00000000E+00; ...
    1.00000000E+00   9.49407802E-01   9.00341643E-01   8.54188210E-01   8.12240686E-01   7.75442369E-01   7.44634556E-01   7.20250293E-01   7.02710312E-01   6.92092038E-01   6.88579318E-01   6.92092038E-01   7.02710312E-01   7.20250293E-01   7.44634556E-01   7.75442369E-01   8.12240686E-01   8.54188210E-01   9.00341643E-01   9.49407802E-01   1.00000000E+00; ...
    1.00000000E+00   9.65421958E-01   9.31871714E-01   9.00341643E-01   8.71644316E-01   8.46518560E-01   8.25427599E-01   8.08792557E-01   7.96767494E-01   7.89544376E-01   7.87107320E-01   7.89544376E-01   7.96767494E-01   8.08792557E-01   8.25427599E-01   8.46518560E-01   8.71644316E-01   9.00341643E-01   9.31871714E-01   9.65421958E-01   1.00000000E+00; ...
    1.00000000E+00   9.82446202E-01   9.65421958E-01   9.49407802E-01   9.34853224E-01   9.22084432E-01   9.11394727E-01   9.02932981E-01   8.96846912E-01   8.93161814E-01   8.91943286E-01   8.93161814E-01   8.96846912E-01   9.02932981E-01   9.11394727E-01   9.22084432E-01   9.34853224E-01   9.49407802E-01   9.65421958E-01   9.82446202E-01   1.00000000E+00; ...
    1.00000000E+00   1.00000000E+00   1.00000000E+00   1.00000000E+00   1.00000000E+00   1.00000000E+00   1.00000000E+00   1.00000000E+00   1.00000000E+00   1.00000000E+00   1.00000000E+00   1.00000000E+00   1.00000000E+00   1.00000000E+00   1.00000000E+00   1.00000000E+00   1.00000000E+00   1.00000000E+00   1.00000000E+00   1.00000000E+00   1.00000000E+00 ];

% Surface plot (auto-generated)
[ny, nx] = size(field);
[X, Y] = meshgrid(1:nx, 1:ny);
fig = figure('Color','w');
ax = axes('Parent', fig);
h = surf(ax, X, Y, field);
shading(ax, 'interp');
colormap(ax, parula);
cb = colorbar(ax);
cb.Label.String = 'field value';
grid(ax, 'on');
box(ax, 'on');
axis(ax, 'tight');
view(ax, 45, 30);
xlabel(ax, 'i (x index)');
ylabel(ax, 'j (y index)');
zlabel(ax, 'field');
title(ax, sprintf('field (%d x %d)', ny, nx));
set(ax, 'FontSize', 12, 'LineWidth', 1);
set(h, 'EdgeColor', 'k');
drawnow;
