% Auto-generated MATLAB script
field = [ ...
    1.00000000E+00   1.00000000E+00   1.00000000E+00   1.00000000E+00   1.00000000E+00   1.00000000E+00   1.00000000E+00   1.00000000E+00   1.00000000E+00   1.00000000E+00   1.00000000E+00   1.00000000E+00   1.00000000E+00   1.00000000E+00   1.00000000E+00   1.00000000E+00   1.00000000E+00   1.00000000E+00   1.00000000E+00   1.00000000E+00   1.00000000E+00; ...
    1.00000000E+00   9.95188684E-01   9.90496744E-01   9.86037673E-01   9.81924902E-01   9.78254819E-01   9.75123749E-01   9.72601557E-01   9.70758104E-01   9.69630020E-01   9.69254010E-01   9.69630020E-01   9.70758104E-01   9.72601557E-01   9.75123749E-01   9.78254819E-01   9.81924902E-01   9.86037673E-01   9.90496744E-01   9.95188684E-01   1.00000000E+00; ...
    1.00000000E+00   9.90496744E-01   9.81226391E-01   9.72421773E-01   9.64292782E-01   9.57049168E-01   9.50857160E-01   9.45882907E-01   9.42232864E-01   9.40013558E-01   9.39261540E-01   9.40013558E-01   9.42232864E-01   9.45882907E-01   9.50857160E-01   9.57049168E-01   9.64292782E-01   9.72421773E-01   9.81226391E-01   9.90496744E-01   1.00000000E+00; ...
    1.00000000E+00   9.86037673E-01   9.72421773E-01   9.59481653E-01   9.47546486E-01   9.36895993E-01   9.27809700E-01   9.20490359E-01   9.15140698E-01   9.11867026E-01   9.10775853E-01   9.11867026E-01   9.15140698E-01   9.20490359E-01   9.27809700E-01   9.36895993E-01   9.47546486E-01   9.59481653E-01   9.72421773E-01   9.86037673E-01   1.00000000E+00; ...
    1.00000000E+00   9.81924902E-01   9.64292782E-01   9.47546486E-01   9.32085229E-01   9.18307944E-01   9.06530810E-01   8.97069827E-01   8.90127485E-01   8.85906383E-01   8.84476056E-01   8.85906383E-01   8.90127485E-01   8.97069827E-01   9.06530810E-01   9.18307944E-01   9.32085229E-01   9.47546486E-01   9.64292782E-01   9.81924902E-01   1.00000000E+00; ...
    1.00000000E+00   9.78254819E-01   9.57049168E-01   9.36895993E-01   9.18307944E-01   9.01720678E-01   8.87569515E-01   8.76170247E-01   8.67838582E-01   8.62740113E-01   8.61040694E-01   8.62740113E-01   8.67838582E-01   8.76170247E-01   8.87569515E-01   9.01720678E-01   9.18307944E-01   9.36895993E-01   9.57049168E-01   9.78254819E-01   1.00000000E+00; ...
    1.00000000E+00   9.75123749E-01   9.50857160E-01   9.27809700E-01   9.06530810E-01   8.87569515E-01   8.71360983E-01   8.58340090E-01   8.48785549E-01   8.42976156E-01   8.41007646E-01   8.42976156E-01   8.48785549E-01   8.58340090E-01   8.71360983E-01   8.87569515E-01   9.06530810E-01   9.27809700E-01   9.50857160E-01   9.75123749E-01   1.00000000E+00; ...
    1.00000000E+00   9.72601557E-01   9.45882907E-01   9.20490359E-01   8.97069827E-01   8.76170247E-01   8.58340090E-01   8.43977273E-01   8.33479555E-01   8.27055604E-01   8.24914366E-01   8.27055604E-01   8.33479555E-01   8.43977273E-01   8.58340090E-01   8.76170247E-01   8.97069827E-01   9.20490359E-01   9.45882907E-01   9.72601557E-01   1.00000000E+00; ...
    1.00000000E+00   9.70758104E-01   9.42232864E-01   9.15140698E-01   8.90127485E-01   8.67838582E-01   8.48785549E-01   8.33479555E-01   8.22248251E-01   8.15419335E-01   8.13105369E-01   8.15419335E-01   8.22248251E-01   8.33479555E-01   8.48785549E-01   8.67838582E-01   8.90127485E-01   9.15140698E-01   9.42232864E-01   9.70758104E-01   1.00000000E+00; ...
    1.00000000E+00   9.69630020E-01   9.40013558E-01   9.11867026E-01   8.85906383E-01   8.62740113E-01   8.42976156E-01   8.27055604E-01   8.15419335E-01   8.08298671E-01   8.05925196E-01   8.08298671E-01   8.15419335E-01   8.27055604E-01   8.42976156E-01   8.62740113E-01   8.85906383E-01   9.11867026E-01   9.40013558E-01   9.69630020E-01   1.00000000E+00; ...
    1.00000000E+00   9.69254010E-01   9.39261540E-01   9.10775853E-01   8.84476056E-01   8.61040694E-01   8.41007646E-01   8.24914366E-01   8.13105369E-01   8.05925196E-01   8.03492212E-01   8.05925196E-01   8.13105369E-01   8.24914366E-01   8.41007646E-01   8.61040694E-01   8.84476056E-01   9.10775853E-01   9.39261540E-01   9.69254010E-01   1.00000000E+00; ...
    1.00000000E+00   9.69630020E-01   9.40013558E-01   9.11867026E-01   8.85906383E-01   8.62740113E-01   8.42976156E-01   8.27055604E-01   8.15419335E-01   8.08298671E-01   8.05925196E-01   8.08298671E-01   8.15419335E-01   8.27055604E-01   8.42976156E-01   8.62740113E-01   8.85906383E-01   9.11867026E-01   9.40013558E-01   9.69630020E-01   1.00000000E+00; ...
    1.00000000E+00   9.70758104E-01   9.42232864E-01   9.15140698E-01   8.90127485E-01   8.67838582E-01   8.48785549E-01   8.33479555E-01   8.22248251E-01   8.15419335E-01   8.13105369E-01   8.15419335E-01   8.22248251E-01   8.33479555E-01   8.48785549E-01   8.67838582E-01   8.90127485E-01   9.15140698E-01   9.42232864E-01   9.70758104E-01   1.00000000E+00; ...
    1.00000000E+00   9.72601557E-01   9.45882907E-01   9.20490359E-01   8.97069827E-01   8.76170247E-01   8.58340090E-01   8.43977273E-01   8.33479555E-01   8.27055604E-01   8.24914366E-01   8.27055604E-01   8.33479555E-01   8.43977273E-01   8.58340090E-01   8.76170247E-01   8.97069827E-01   9.20490359E-01   9.45882907E-01   9.72601557E-01   1.00000000E+00; ...
    1.00000000E+00   9.75123749E-01   9.50857160E-01   9.27809700E-01   9.06530810E-01   8.87569515E-01   8.71360983E-01   8.58340090E-01   8.48785549E-01   8.42976156E-01   8.41007646E-01   8.42976156E-01   8.48785549E-01   8.58340090E-01   8.71360983E-01   8.87569515E-01   9.06530810E-01   9.27809700E-01   9.50857160E-01   9.75123749E-01   1.00000000E+00; ...
    1.00000000E+00   9.78254819E-01   9.57049168E-01   9.36895993E-01   9.18307944E-01   9.01720678E-01   8.87569515E-01   8.76170247E-01   8.67838582E-01   8.62740113E-01   8.61040694E-01   8.62740113E-01   8.67838582E-01   8.76170247E-01   8.87569515E-01   9.01720678E-01   9.18307944E-01   9.36895993E-01   9.57049168E-01   9.78254819E-01   1.00000000E+00; ...
    1.00000000E+00   9.81924902E-01   9.64292782E-01   9.47546486E-01   9.32085229E-01   9.18307944E-01   9.06530810E-01   8.97069827E-01   8.90127485E-01   8.85906383E-01   8.84476056E-01   8.85906383E-01   8.90127485E-01   8.97069827E-01   9.06530810E-01   9.18307944E-01   9.32085229E-01   9.47546486E-01   9.64292782E-01   9.81924902E-01   1.00000000E+00; ...
    1.00000000E+00   9.86037673E-01   9.72421773E-01   9.59481653E-01   9.47546486E-01   9.36895993E-01   9.27809700E-01   9.20490359E-01   9.15140698E-01   9.11867026E-01   9.10775853E-01   9.11867026E-01   9.15140698E-01   9.20490359E-01   9.27809700E-01   9.36895993E-01   9.47546486E-01   9.59481653E-01   9.72421773E-01   9.86037673E-01   1.00000000E+00; ...
    1.00000000E+00   9.90496744E-01   9.81226391E-01   9.72421773E-01   9.64292782E-01   9.57049168E-01   9.50857160E-01   9.45882907E-01   9.42232864E-01   9.40013558E-01   9.39261540E-01   9.40013558E-01   9.42232864E-01   9.45882907E-01   9.50857160E-01   9.57049168E-01   9.64292782E-01   9.72421773E-01   9.81226391E-01   9.90496744E-01   1.00000000E+00; ...
    1.00000000E+00   9.95188684E-01   9.90496744E-01   9.86037673E-01   9.81924902E-01   9.78254819E-01   9.75123749E-01   9.72601557E-01   9.70758104E-01   9.69630020E-01   9.69254010E-01   9.69630020E-01   9.70758104E-01   9.72601557E-01   9.75123749E-01   9.78254819E-01   9.81924902E-01   9.86037673E-01   9.90496744E-01   9.95188684E-01   1.00000000E+00; ...
    1.00000000E+00   1.00000000E+00   1.00000000E+00   1.00000000E+00   1.00000000E+00   1.00000000E+00   1.00000000E+00   1.00000000E+00   1.00000000E+00   1.00000000E+00   1.00000000E+00   1.00000000E+00   1.00000000E+00   1.00000000E+00   1.00000000E+00   1.00000000E+00   1.00000000E+00   1.00000000E+00   1.00000000E+00   1.00000000E+00   1.00000000E+00 ];

% Surface plot (auto-generated)
[ny, nx] = size(field);
[X, Y] = meshgrid(1:nx, 1:ny);
fig = figure('Color','w');
ax = axes('Parent', fig);
h = surf(ax, X, Y, field);
shading(ax, 'interp');
colormap(ax, parula);
cb = colorbar(ax);
cb.Label.String = 'field value';
grid(ax, 'on');
box(ax, 'on');
axis(ax, 'tight');
view(ax, 45, 30);
xlabel(ax, 'i (x index)');
ylabel(ax, 'j (y index)');
zlabel(ax, 'field');
title(ax, sprintf('field (%d x %d)', ny, nx));
set(ax, 'FontSize', 12, 'LineWidth', 1);
set(h, 'EdgeColor', 'k');
drawnow;
