% Auto-generated MATLAB script
field = [ ...
    1.00000000E+00   1.00000000E+00   1.00000000E+00   1.00000000E+00   1.00000000E+00   1.00000000E+00   1.00000000E+00   1.00000000E+00   1.00000000E+00   1.00000000E+00   1.00000000E+00   1.00000000E+00   1.00000000E+00   1.00000000E+00   1.00000000E+00   1.00000000E+00   1.00000000E+00   1.00000000E+00   1.00000000E+00   1.00000000E+00   1.00000000E+00; ...
    1.00000000E+00   9.96245439E-01   9.92583948E-01   9.89104028E-01   9.85894164E-01   9.83029598E-01   9.80585551E-01   9.78616642E-01   9.77177488E-01   9.76296774E-01   9.76003208E-01   9.76296774E-01   9.77177488E-01   9.78616642E-01   9.80585551E-01   9.83029598E-01   9.85894164E-01   9.89104028E-01   9.92583948E-01   9.96245439E-01   1.00000000E+00; ...
    1.00000000E+00   9.92583948E-01   9.85349476E-01   9.78478148E-01   9.72133709E-01   9.66479864E-01   9.61646465E-01   9.57763341E-01   9.54913784E-01   9.53181108E-01   9.52593976E-01   9.53181108E-01   9.54913784E-01   9.57763341E-01   9.61646465E-01   9.66479864E-01   9.72133709E-01   9.78478148E-01   9.85349476E-01   9.92583948E-01   1.00000000E+00; ...
    1.00000000E+00   9.89104028E-01   9.78478148E-01   9.68379201E-01   9.59063975E-01   9.50750824E-01   9.43658046E-01   9.37944148E-01   9.33767630E-01   9.31211743E-01   9.30359795E-01   9.31211743E-01   9.33767630E-01   9.37944148E-01   9.43658046E-01   9.50750824E-01   9.59063975E-01   9.68379201E-01   9.78478148E-01   9.89104028E-01   1.00000000E+00; ...
    1.00000000E+00   9.85894164E-01   9.72133709E-01   9.59063975E-01   9.46996421E-01   9.36242422E-01   9.27048970E-01   9.19663003E-01   9.14242955E-01   9.10947286E-01   9.09830523E-01   9.10947286E-01   9.14242955E-01   9.19663003E-01   9.27048970E-01   9.36242422E-01   9.46996421E-01   9.59063975E-01   9.72133709E-01   9.85894164E-01   1.00000000E+00; ...
    1.00000000E+00   9.83029598E-01   9.66479864E-01   9.50750824E-01   9.36242422E-01   9.23294748E-01   9.12247793E-01   9.03348438E-01   8.96843538E-01   8.92862764E-01   8.91535859E-01   8.92862764E-01   8.96843538E-01   9.03348438E-01   9.12247793E-01   9.23294748E-01   9.36242422E-01   9.50750824E-01   9.66479864E-01   9.83029598E-01   1.00000000E+00; ...
    1.00000000E+00   9.80585551E-01   9.61646465E-01   9.43658046E-01   9.27048970E-01   9.12247793E-01   8.99594464E-01   8.89428849E-01   8.81969013E-01   8.77433045E-01   8.75895999E-01   8.77433045E-01   8.81969013E-01   8.89428849E-01   8.99594464E-01   9.12247793E-01   9.27048970E-01   9.43658046E-01   9.61646465E-01   9.80585551E-01   1.00000000E+00; ...
    1.00000000E+00   9.78616642E-01   9.57763341E-01   9.37944148E-01   9.19663003E-01   9.03348438E-01   8.89428849E-01   8.78215322E-01   8.70018896E-01   8.65002970E-01   8.63331017E-01   8.65002970E-01   8.70018896E-01   8.78215322E-01   8.89428849E-01   9.03348438E-01   9.19663003E-01   9.37944148E-01   9.57763341E-01   9.78616642E-01   1.00000000E+00; ...
    1.00000000E+00   9.77177488E-01   9.54913784E-01   9.33767630E-01   9.14242955E-01   8.96843538E-01   8.81969013E-01   8.70018896E-01   8.61249543E-01   8.55917317E-01   8.54110457E-01   8.55917317E-01   8.61249543E-01   8.70018896E-01   8.81969013E-01   8.96843538E-01   9.14242955E-01   9.33767630E-01   9.54913784E-01   9.77177488E-01   1.00000000E+00; ...
    1.00000000E+00   9.76296774E-01   9.53181108E-01   9.31211743E-01   9.10947286E-01   8.92862764E-01   8.77433045E-01   8.65002970E-01   8.55917317E-01   8.50357217E-01   8.48503873E-01   8.50357217E-01   8.55917317E-01   8.65002970E-01   8.77433045E-01   8.92862764E-01   9.10947286E-01   9.31211743E-01   9.53181108E-01   9.76296774E-01   1.00000000E+00; ...
    1.00000000E+00   9.76003208E-01   9.52593976E-01   9.30359795E-01   9.09830523E-01   8.91535859E-01   8.75895999E-01   8.63331017E-01   8.54110457E-01   8.48503873E-01   8.46604046E-01   8.48503873E-01   8.54110457E-01   8.63331017E-01   8.75895999E-01   8.91535859E-01   9.09830523E-01   9.30359795E-01   9.52593976E-01   9.76003208E-01   1.00000000E+00; ...
    1.00000000E+00   9.76296774E-01   9.53181108E-01   9.31211743E-01   9.10947286E-01   8.92862764E-01   8.77433045E-01   8.65002970E-01   8.55917317E-01   8.50357217E-01   8.48503873E-01   8.50357217E-01   8.55917317E-01   8.65002970E-01   8.77433045E-01   8.92862764E-01   9.10947286E-01   9.31211743E-01   9.53181108E-01   9.76296774E-01   1.00000000E+00; ...
    1.00000000E+00   9.77177488E-01   9.54913784E-01   9.33767630E-01   9.14242955E-01   8.96843538E-01   8.81969013E-01   8.70018896E-01   8.61249543E-01   8.55917317E-01   8.54110457E-01   8.55917317E-01   8.61249543E-01   8.70018896E-01   8.81969013E-01   8.96843538E-01   9.14242955E-01   9.33767630E-01   9.54913784E-01   9.77177488E-01   1.00000000E+00; ...
    1.00000000E+00   9.78616642E-01   9.57763341E-01   9.37944148E-01   9.19663003E-01   9.03348438E-01   8.89428849E-01   8.78215322E-01   8.70018896E-01   8.65002970E-01   8.63331017E-01   8.65002970E-01   8.70018896E-01   8.78215322E-01   8.89428849E-01   9.03348438E-01   9.19663003E-01   9.37944148E-01   9.57763341E-01   9.78616642E-01   1.00000000E+00; ...
    1.00000000E+00   9.80585551E-01   9.61646465E-01   9.43658046E-01   9.27048970E-01   9.12247793E-01   8.99594464E-01   8.89428849E-01   8.81969013E-01   8.77433045E-01   8.75895999E-01   8.77433045E-01   8.81969013E-01   8.89428849E-01   8.99594464E-01   9.12247793E-01   9.27048970E-01   9.43658046E-01   9.61646465E-01   9.80585551E-01   1.00000000E+00; ...
    1.00000000E+00   9.83029598E-01   9.66479864E-01   9.50750824E-01   9.36242422E-01   9.23294748E-01   9.12247793E-01   9.03348438E-01   8.96843538E-01   8.92862764E-01   8.91535859E-01   8.92862764E-01   8.96843538E-01   9.03348438E-01   9.12247793E-01   9.23294748E-01   9.36242422E-01   9.50750824E-01   9.66479864E-01   9.83029598E-01   1.00000000E+00; ...
    1.00000000E+00   9.85894164E-01   9.72133709E-01   9.59063975E-01   9.46996421E-01   9.36242422E-01   9.27048970E-01   9.19663003E-01   9.14242955E-01   9.10947286E-01   9.09830523E-01   9.10947286E-01   9.14242955E-01   9.19663003E-01   9.27048970E-01   9.36242422E-01   9.46996421E-01   9.59063975E-01   9.72133709E-01   9.85894164E-01   1.00000000E+00; ...
    1.00000000E+00   9.89104028E-01   9.78478148E-01   9.68379201E-01   9.59063975E-01   9.50750824E-01   9.43658046E-01   9.37944148E-01   9.33767630E-01   9.31211743E-01   9.30359795E-01   9.31211743E-01   9.33767630E-01   9.37944148E-01   9.43658046E-01   9.50750824E-01   9.59063975E-01   9.68379201E-01   9.78478148E-01   9.89104028E-01   1.00000000E+00; ...
    1.00000000E+00   9.92583948E-01   9.85349476E-01   9.78478148E-01   9.72133709E-01   9.66479864E-01   9.61646465E-01   9.57763341E-01   9.54913784E-01   9.53181108E-01   9.52593976E-01   9.53181108E-01   9.54913784E-01   9.57763341E-01   9.61646465E-01   9.66479864E-01   9.72133709E-01   9.78478148E-01   9.85349476E-01   9.92583948E-01   1.00000000E+00; ...
    1.00000000E+00   9.96245439E-01   9.92583948E-01   9.89104028E-01   9.85894164E-01   9.83029598E-01   9.80585551E-01   9.78616642E-01   9.77177488E-01   9.76296774E-01   9.76003208E-01   9.76296774E-01   9.77177488E-01   9.78616642E-01   9.80585551E-01   9.83029598E-01   9.85894164E-01   9.89104028E-01   9.92583948E-01   9.96245439E-01   1.00000000E+00; ...
    1.00000000E+00   1.00000000E+00   1.00000000E+00   1.00000000E+00   1.00000000E+00   1.00000000E+00   1.00000000E+00   1.00000000E+00   1.00000000E+00   1.00000000E+00   1.00000000E+00   1.00000000E+00   1.00000000E+00   1.00000000E+00   1.00000000E+00   1.00000000E+00   1.00000000E+00   1.00000000E+00   1.00000000E+00   1.00000000E+00   1.00000000E+00 ];

% Surface plot (auto-generated)
[ny, nx] = size(field);
[X, Y] = meshgrid(1:nx, 1:ny);
fig = figure('Color','w');
ax = axes('Parent', fig);
h = surf(ax, X, Y, field);
shading(ax, 'interp');
colormap(ax, parula);
cb = colorbar(ax);
cb.Label.String = 'field value';
grid(ax, 'on');
box(ax, 'on');
axis(ax, 'tight');
view(ax, 45, 30);
xlabel(ax, 'i (x index)');
ylabel(ax, 'j (y index)');
zlabel(ax, 'field');
title(ax, sprintf('field (%d x %d)', ny, nx));
set(ax, 'FontSize', 12, 'LineWidth', 1);
set(h, 'EdgeColor', 'k');
drawnow;
