% Auto-generated MATLAB script
field = [ ...
    1.00000000E+00   1.00000000E+00   1.00000000E+00   1.00000000E+00   1.00000000E+00   1.00000000E+00   1.00000000E+00   1.00000000E+00   1.00000000E+00   1.00000000E+00   1.00000000E+00   1.00000000E+00   1.00000000E+00   1.00000000E+00   1.00000000E+00   1.00000000E+00   1.00000000E+00   1.00000000E+00   1.00000000E+00   1.00000000E+00   1.00000000E+00; ...
    1.00000000E+00   9.96683081E-01   9.93448366E-01   9.90374027E-01   9.87538230E-01   9.85007449E-01   9.82848149E-01   9.81108602E-01   9.79837079E-01   9.79058942E-01   9.78799566E-01   9.79058942E-01   9.79837079E-01   9.81108602E-01   9.82848149E-01   9.85007449E-01   9.87538230E-01   9.90374027E-01   9.93448366E-01   9.96683081E-01   1.00000000E+00; ...
    1.00000000E+00   9.93448366E-01   9.87057113E-01   9.80986615E-01   9.75381520E-01   9.70386458E-01   9.66116171E-01   9.62685389E-01   9.60167742E-01   9.58636867E-01   9.58118115E-01   9.58636867E-01   9.60167742E-01   9.62685389E-01   9.66116171E-01   9.70386458E-01   9.75381520E-01   9.80986615E-01   9.87057113E-01   9.93448366E-01   1.00000000E+00; ...
    1.00000000E+00   9.90374027E-01   9.80986615E-01   9.72064630E-01   9.63834911E-01   9.56490375E-01   9.50223908E-01   9.45175600E-01   9.41485534E-01   9.39227318E-01   9.38474587E-01   9.39227318E-01   9.41485534E-01   9.45175600E-01   9.50223908E-01   9.56490375E-01   9.63834911E-01   9.72064630E-01   9.80986615E-01   9.90374027E-01   1.00000000E+00; ...
    1.00000000E+00   9.87538230E-01   9.75381520E-01   9.63834911E-01   9.53173541E-01   9.43672504E-01   9.35550052E-01   9.29024411E-01   9.24235630E-01   9.21323774E-01   9.20337064E-01   9.21323774E-01   9.24235630E-01   9.29024411E-01   9.35550052E-01   9.43672504E-01   9.53173541E-01   9.63834911E-01   9.75381520E-01   9.87538230E-01   1.00000000E+00; ...
    1.00000000E+00   9.85007449E-01   9.70386458E-01   9.56490375E-01   9.43672504E-01   9.32233314E-01   9.22473227E-01   9.14610436E-01   9.08863120E-01   9.05345926E-01   9.04173539E-01   9.05345926E-01   9.08863120E-01   9.14610436E-01   9.22473227E-01   9.32233314E-01   9.43672504E-01   9.56490375E-01   9.70386458E-01   9.85007449E-01   1.00000000E+00; ...
    1.00000000E+00   9.82848149E-01   9.66116171E-01   9.50223908E-01   9.35550052E-01   9.22473227E-01   9.11293831E-01   9.02312215E-01   8.95721141E-01   8.91713385E-01   8.90355320E-01   8.91713385E-01   8.95721141E-01   9.02312215E-01   9.11293831E-01   9.22473227E-01   9.35550052E-01   9.50223908E-01   9.66116171E-01   9.82848149E-01   1.00000000E+00; ...
    1.00000000E+00   9.81108602E-01   9.62685389E-01   9.45175600E-01   9.29024411E-01   9.14610436E-01   9.02312215E-01   8.92404688E-01   8.85162769E-01   8.80730921E-01   8.79253651E-01   8.80730921E-01   8.85162769E-01   8.92404688E-01   9.02312215E-01   9.14610436E-01   9.29024411E-01   9.45175600E-01   9.62685389E-01   9.81108602E-01   1.00000000E+00; ...
    1.00000000E+00   9.79837079E-01   9.60167742E-01   9.41485534E-01   9.24235630E-01   9.08863120E-01   8.95721141E-01   8.85162769E-01   8.77414609E-01   8.72703275E-01   8.71106799E-01   8.72703275E-01   8.77414609E-01   8.85162769E-01   8.95721141E-01   9.08863120E-01   9.24235630E-01   9.41485534E-01   9.60167742E-01   9.79837079E-01   1.00000000E+00; ...
    1.00000000E+00   9.79058942E-01   9.58636867E-01   9.39227318E-01   9.21323774E-01   9.05345926E-01   8.91713385E-01   8.80730921E-01   8.72703275E-01   8.67790587E-01   8.66153036E-01   8.67790587E-01   8.72703275E-01   8.80730921E-01   8.91713385E-01   9.05345926E-01   9.21323774E-01   9.39227318E-01   9.58636867E-01   9.79058942E-01   1.00000000E+00; ...
    1.00000000E+00   9.78799566E-01   9.58118115E-01   9.38474587E-01   9.20337064E-01   9.04173539E-01   8.90355320E-01   8.79253651E-01   8.71106799E-01   8.66153036E-01   8.64474411E-01   8.66153036E-01   8.71106799E-01   8.79253651E-01   8.90355320E-01   9.04173539E-01   9.20337064E-01   9.38474587E-01   9.58118115E-01   9.78799566E-01   1.00000000E+00; ...
    1.00000000E+00   9.79058942E-01   9.58636867E-01   9.39227318E-01   9.21323774E-01   9.05345926E-01   8.91713385E-01   8.80730921E-01   8.72703275E-01   8.67790587E-01   8.66153036E-01   8.67790587E-01   8.72703275E-01   8.80730921E-01   8.91713385E-01   9.05345926E-01   9.21323774E-01   9.39227318E-01   9.58636867E-01   9.79058942E-01   1.00000000E+00; ...
    1.00000000E+00   9.79837079E-01   9.60167742E-01   9.41485534E-01   9.24235630E-01   9.08863120E-01   8.95721141E-01   8.85162769E-01   8.77414609E-01   8.72703275E-01   8.71106799E-01   8.72703275E-01   8.77414609E-01   8.85162769E-01   8.95721141E-01   9.08863120E-01   9.24235630E-01   9.41485534E-01   9.60167742E-01   9.79837079E-01   1.00000000E+00; ...
    1.00000000E+00   9.81108602E-01   9.62685389E-01   9.45175600E-01   9.29024411E-01   9.14610436E-01   9.02312215E-01   8.92404688E-01   8.85162769E-01   8.80730921E-01   8.79253651E-01   8.80730921E-01   8.85162769E-01   8.92404688E-01   9.02312215E-01   9.14610436E-01   9.29024411E-01   9.45175600E-01   9.62685389E-01   9.81108602E-01   1.00000000E+00; ...
    1.00000000E+00   9.82848149E-01   9.66116171E-01   9.50223908E-01   9.35550052E-01   9.22473227E-01   9.11293831E-01   9.02312215E-01   8.95721141E-01   8.91713385E-01   8.90355320E-01   8.91713385E-01   8.95721141E-01   9.02312215E-01   9.11293831E-01   9.22473227E-01   9.35550052E-01   9.50223908E-01   9.66116171E-01   9.82848149E-01   1.00000000E+00; ...
    1.00000000E+00   9.85007449E-01   9.70386458E-01   9.56490375E-01   9.43672504E-01   9.32233314E-01   9.22473227E-01   9.14610436E-01   9.08863120E-01   9.05345926E-01   9.04173539E-01   9.05345926E-01   9.08863120E-01   9.14610436E-01   9.22473227E-01   9.32233314E-01   9.43672504E-01   9.56490375E-01   9.70386458E-01   9.85007449E-01   1.00000000E+00; ...
    1.00000000E+00   9.87538230E-01   9.75381520E-01   9.63834911E-01   9.53173541E-01   9.43672504E-01   9.35550052E-01   9.29024411E-01   9.24235630E-01   9.21323774E-01   9.20337064E-01   9.21323774E-01   9.24235630E-01   9.29024411E-01   9.35550052E-01   9.43672504E-01   9.53173541E-01   9.63834911E-01   9.75381520E-01   9.87538230E-01   1.00000000E+00; ...
    1.00000000E+00   9.90374027E-01   9.80986615E-01   9.72064630E-01   9.63834911E-01   9.56490375E-01   9.50223908E-01   9.45175600E-01   9.41485534E-01   9.39227318E-01   9.38474587E-01   9.39227318E-01   9.41485534E-01   9.45175600E-01   9.50223908E-01   9.56490375E-01   9.63834911E-01   9.72064630E-01   9.80986615E-01   9.90374027E-01   1.00000000E+00; ...
    1.00000000E+00   9.93448366E-01   9.87057113E-01   9.80986615E-01   9.75381520E-01   9.70386458E-01   9.66116171E-01   9.62685389E-01   9.60167742E-01   9.58636867E-01   9.58118115E-01   9.58636867E-01   9.60167742E-01   9.62685389E-01   9.66116171E-01   9.70386458E-01   9.75381520E-01   9.80986615E-01   9.87057113E-01   9.93448366E-01   1.00000000E+00; ...
    1.00000000E+00   9.96683081E-01   9.93448366E-01   9.90374027E-01   9.87538230E-01   9.85007449E-01   9.82848149E-01   9.81108602E-01   9.79837079E-01   9.79058942E-01   9.78799566E-01   9.79058942E-01   9.79837079E-01   9.81108602E-01   9.82848149E-01   9.85007449E-01   9.87538230E-01   9.90374027E-01   9.93448366E-01   9.96683081E-01   1.00000000E+00; ...
    1.00000000E+00   1.00000000E+00   1.00000000E+00   1.00000000E+00   1.00000000E+00   1.00000000E+00   1.00000000E+00   1.00000000E+00   1.00000000E+00   1.00000000E+00   1.00000000E+00   1.00000000E+00   1.00000000E+00   1.00000000E+00   1.00000000E+00   1.00000000E+00   1.00000000E+00   1.00000000E+00   1.00000000E+00   1.00000000E+00   1.00000000E+00 ];

% Surface plot (auto-generated)
[ny, nx] = size(field);
[X, Y] = meshgrid(1:nx, 1:ny);
fig = figure('Color','w');
ax = axes('Parent', fig);
h = surf(ax, X, Y, field);
shading(ax, 'interp');
colormap(ax, parula);
cb = colorbar(ax);
cb.Label.String = 'field value';
grid(ax, 'on');
box(ax, 'on');
axis(ax, 'tight');
view(ax, 45, 30);
xlabel(ax, 'i (x index)');
ylabel(ax, 'j (y index)');
zlabel(ax, 'field');
title(ax, sprintf('field (%d x %d)', ny, nx));
set(ax, 'FontSize', 12, 'LineWidth', 1);
set(h, 'EdgeColor', 'k');
drawnow;
