% Auto-generated MATLAB script
field = [ ...
    1.00000000E+00   1.00000000E+00   1.00000000E+00   1.00000000E+00   1.00000000E+00   1.00000000E+00   1.00000000E+00   1.00000000E+00   1.00000000E+00   1.00000000E+00   1.00000000E+00   1.00000000E+00   1.00000000E+00   1.00000000E+00   1.00000000E+00   1.00000000E+00   1.00000000E+00   1.00000000E+00   1.00000000E+00   1.00000000E+00   1.00000000E+00; ...
    1.00000000E+00   9.95749903E-01   9.91605196E-01   9.87666089E-01   9.84032760E-01   9.80790368E-01   9.78024042E-01   9.75795566E-01   9.74166723E-01   9.73169942E-01   9.72837691E-01   9.73169942E-01   9.74166723E-01   9.75795566E-01   9.78024042E-01   9.80790368E-01   9.84032760E-01   9.87666089E-01   9.91605196E-01   9.95749903E-01   1.00000000E+00; ...
    1.00000000E+00   9.91605196E-01   9.83416010E-01   9.75638024E-01   9.68456613E-01   9.62057078E-01   9.56586354E-01   9.52191329E-01   9.48966196E-01   9.47005187E-01   9.46340686E-01   9.47005187E-01   9.48966196E-01   9.52191329E-01   9.56586354E-01   9.62057078E-01   9.68456613E-01   9.75638024E-01   9.83416010E-01   9.91605196E-01   1.00000000E+00; ...
    1.00000000E+00   9.87666089E-01   9.75638024E-01   9.64206615E-01   9.53662581E-01   9.44253063E-01   9.36225099E-01   9.29757995E-01   9.25031042E-01   9.22138354E-01   9.21174152E-01   9.22138354E-01   9.25031042E-01   9.29757995E-01   9.36225099E-01   9.44253063E-01   9.53662581E-01   9.64206615E-01   9.75638024E-01   9.87666089E-01   1.00000000E+00; ...
    1.00000000E+00   9.84032760E-01   9.68456613E-01   9.53662581E-01   9.40003261E-01   9.27831098E-01   9.17425571E-01   9.09066063E-01   9.02931739E-01   8.99201820E-01   8.97937917E-01   8.99201820E-01   9.02931739E-01   9.09066063E-01   9.17425571E-01   9.27831098E-01   9.40003261E-01   9.53662581E-01   9.68456613E-01   9.84032760E-01   1.00000000E+00; ...
    1.00000000E+00   9.80790368E-01   9.62057078E-01   9.44253063E-01   9.27831098E-01   9.13176107E-01   9.00672834E-01   8.90600550E-01   8.83238483E-01   8.78733226E-01   8.77231511E-01   8.78733226E-01   8.83238483E-01   8.90600550E-01   9.00672834E-01   9.13176107E-01   9.27831098E-01   9.44253063E-01   9.62057078E-01   9.80790368E-01   1.00000000E+00; ...
    1.00000000E+00   9.78024042E-01   9.56586354E-01   9.36225099E-01   9.17425571E-01   9.00672834E-01   8.86351551E-01   8.74846228E-01   8.66403468E-01   8.61269920E-01   8.59530394E-01   8.61269920E-01   8.66403468E-01   8.74846228E-01   8.86351551E-01   9.00672834E-01   9.17425571E-01   9.36225099E-01   9.56586354E-01   9.78024042E-01   1.00000000E+00; ...
    1.00000000E+00   9.75795566E-01   9.52191329E-01   9.29757995E-01   9.09066063E-01   8.90600550E-01   8.74846228E-01   8.62154997E-01   8.52878675E-01   8.47201986E-01   8.45309798E-01   8.47201986E-01   8.52878675E-01   8.62154997E-01   8.74846228E-01   8.90600550E-01   9.09066063E-01   9.29757995E-01   9.52191329E-01   9.75795566E-01   1.00000000E+00; ...
    1.00000000E+00   9.74166723E-01   9.48966196E-01   9.25031042E-01   9.02931739E-01   8.83238483E-01   8.66403468E-01   8.52878675E-01   8.42954008E-01   8.36919393E-01   8.34874543E-01   8.36919393E-01   8.42954008E-01   8.52878675E-01   8.66403468E-01   8.83238483E-01   9.02931739E-01   9.25031042E-01   9.48966196E-01   9.74166723E-01   1.00000000E+00; ...
    1.00000000E+00   9.73169942E-01   9.47005187E-01   9.22138354E-01   8.99201820E-01   8.78733226E-01   8.61269920E-01   8.47201986E-01   8.36919393E-01   8.30626916E-01   8.28529466E-01   8.30626916E-01   8.36919393E-01   8.47201986E-01   8.61269920E-01   8.78733226E-01   8.99201820E-01   9.22138354E-01   9.47005187E-01   9.73169942E-01   1.00000000E+00; ...
    1.00000000E+00   9.72837691E-01   9.46340686E-01   9.21174152E-01   8.97937917E-01   8.77231511E-01   8.59530394E-01   8.45309798E-01   8.34874543E-01   8.28529466E-01   8.26379417E-01   8.28529466E-01   8.34874543E-01   8.45309798E-01   8.59530394E-01   8.77231511E-01   8.97937917E-01   9.21174152E-01   9.46340686E-01   9.72837691E-01   1.00000000E+00; ...
    1.00000000E+00   9.73169942E-01   9.47005187E-01   9.22138354E-01   8.99201820E-01   8.78733226E-01   8.61269920E-01   8.47201986E-01   8.36919393E-01   8.30626916E-01   8.28529466E-01   8.30626916E-01   8.36919393E-01   8.47201986E-01   8.61269920E-01   8.78733226E-01   8.99201820E-01   9.22138354E-01   9.47005187E-01   9.73169942E-01   1.00000000E+00; ...
    1.00000000E+00   9.74166723E-01   9.48966196E-01   9.25031042E-01   9.02931739E-01   8.83238483E-01   8.66403468E-01   8.52878675E-01   8.42954008E-01   8.36919393E-01   8.34874543E-01   8.36919393E-01   8.42954008E-01   8.52878675E-01   8.66403468E-01   8.83238483E-01   9.02931739E-01   9.25031042E-01   9.48966196E-01   9.74166723E-01   1.00000000E+00; ...
    1.00000000E+00   9.75795566E-01   9.52191329E-01   9.29757995E-01   9.09066063E-01   8.90600550E-01   8.74846228E-01   8.62154997E-01   8.52878675E-01   8.47201986E-01   8.45309798E-01   8.47201986E-01   8.52878675E-01   8.62154997E-01   8.74846228E-01   8.90600550E-01   9.09066063E-01   9.29757995E-01   9.52191329E-01   9.75795566E-01   1.00000000E+00; ...
    1.00000000E+00   9.78024042E-01   9.56586354E-01   9.36225099E-01   9.17425571E-01   9.00672834E-01   8.86351551E-01   8.74846228E-01   8.66403468E-01   8.61269920E-01   8.59530394E-01   8.61269920E-01   8.66403468E-01   8.74846228E-01   8.86351551E-01   9.00672834E-01   9.17425571E-01   9.36225099E-01   9.56586354E-01   9.78024042E-01   1.00000000E+00; ...
    1.00000000E+00   9.80790368E-01   9.62057078E-01   9.44253063E-01   9.27831098E-01   9.13176107E-01   9.00672834E-01   8.90600550E-01   8.83238483E-01   8.78733226E-01   8.77231511E-01   8.78733226E-01   8.83238483E-01   8.90600550E-01   9.00672834E-01   9.13176107E-01   9.27831098E-01   9.44253063E-01   9.62057078E-01   9.80790368E-01   1.00000000E+00; ...
    1.00000000E+00   9.84032760E-01   9.68456613E-01   9.53662581E-01   9.40003261E-01   9.27831098E-01   9.17425571E-01   9.09066063E-01   9.02931739E-01   8.99201820E-01   8.97937917E-01   8.99201820E-01   9.02931739E-01   9.09066063E-01   9.17425571E-01   9.27831098E-01   9.40003261E-01   9.53662581E-01   9.68456613E-01   9.84032760E-01   1.00000000E+00; ...
    1.00000000E+00   9.87666089E-01   9.75638024E-01   9.64206615E-01   9.53662581E-01   9.44253063E-01   9.36225099E-01   9.29757995E-01   9.25031042E-01   9.22138354E-01   9.21174152E-01   9.22138354E-01   9.25031042E-01   9.29757995E-01   9.36225099E-01   9.44253063E-01   9.53662581E-01   9.64206615E-01   9.75638024E-01   9.87666089E-01   1.00000000E+00; ...
    1.00000000E+00   9.91605196E-01   9.83416010E-01   9.75638024E-01   9.68456613E-01   9.62057078E-01   9.56586354E-01   9.52191329E-01   9.48966196E-01   9.47005187E-01   9.46340686E-01   9.47005187E-01   9.48966196E-01   9.52191329E-01   9.56586354E-01   9.62057078E-01   9.68456613E-01   9.75638024E-01   9.83416010E-01   9.91605196E-01   1.00000000E+00; ...
    1.00000000E+00   9.95749903E-01   9.91605196E-01   9.87666089E-01   9.84032760E-01   9.80790368E-01   9.78024042E-01   9.75795566E-01   9.74166723E-01   9.73169942E-01   9.72837691E-01   9.73169942E-01   9.74166723E-01   9.75795566E-01   9.78024042E-01   9.80790368E-01   9.84032760E-01   9.87666089E-01   9.91605196E-01   9.95749903E-01   1.00000000E+00; ...
    1.00000000E+00   1.00000000E+00   1.00000000E+00   1.00000000E+00   1.00000000E+00   1.00000000E+00   1.00000000E+00   1.00000000E+00   1.00000000E+00   1.00000000E+00   1.00000000E+00   1.00000000E+00   1.00000000E+00   1.00000000E+00   1.00000000E+00   1.00000000E+00   1.00000000E+00   1.00000000E+00   1.00000000E+00   1.00000000E+00   1.00000000E+00 ];

% Surface plot (auto-generated)
[ny, nx] = size(field);
[X, Y] = meshgrid(1:nx, 1:ny);
fig = figure('Color','w');
ax = axes('Parent', fig);
h = surf(ax, X, Y, field);
shading(ax, 'interp');
colormap(ax, parula);
cb = colorbar(ax);
cb.Label.String = 'field value';
grid(ax, 'on');
box(ax, 'on');
axis(ax, 'tight');
view(ax, 45, 30);
xlabel(ax, 'i (x index)');
ylabel(ax, 'j (y index)');
zlabel(ax, 'field');
title(ax, sprintf('field (%d x %d)', ny, nx));
set(ax, 'FontSize', 12, 'LineWidth', 1);
set(h, 'EdgeColor', 'k');
drawnow;
