% Auto-generated MATLAB script
field = [ ...
    1.00000000E+00   1.00000000E+00   1.00000000E+00   1.00000000E+00   1.00000000E+00   1.00000000E+00   1.00000000E+00   1.00000000E+00   1.00000000E+00   1.00000000E+00   1.00000000E+00   1.00000000E+00   1.00000000E+00   1.00000000E+00   1.00000000E+00   1.00000000E+00   1.00000000E+00   1.00000000E+00   1.00000000E+00   1.00000000E+00   1.00000000E+00; ...
    1.00000000E+00   9.79410928E-01   9.59512523E-01   9.40916861E-01   9.24177520E-01   9.09657234E-01   8.97657291E-01   8.88274241E-01   8.81603069E-01   8.77595226E-01   8.76277602E-01   8.77595226E-01   8.81603069E-01   8.88274241E-01   8.97657291E-01   9.09657234E-01   9.24177520E-01   9.40916861E-01   9.59512523E-01   9.79410928E-01   1.00000000E+00; ...
    1.00000000E+00   9.59512523E-01   9.20361238E-01   8.83815438E-01   8.50860681E-01   8.22344034E-01   7.98702279E-01   7.80294308E-01   7.67130704E-01   7.59293756E-01   7.56658509E-01   7.59293756E-01   7.67130704E-01   7.80294308E-01   7.98702279E-01   8.22344034E-01   8.50860681E-01   8.83815438E-01   9.20361238E-01   9.59512523E-01   1.00000000E+00; ...
    1.00000000E+00   9.40916861E-01   8.83815438E-01   8.30455871E-01   7.82422068E-01   7.40761183E-01   7.06329736E-01   6.79412171E-01   6.60271461E-01   6.48776238E-01   6.44994197E-01   6.48776238E-01   6.60271461E-01   6.79412171E-01   7.06329736E-01   7.40761183E-01   7.82422068E-01   8.30455871E-01   8.83815438E-01   9.40916861E-01   1.00000000E+00; ...
    1.00000000E+00   9.24177520E-01   8.50860681E-01   7.82422068E-01   7.20716580E-01   6.67318816E-01   6.23059127E-01   5.88593417E-01   5.63955209E-01   5.49281317E-01   5.44352482E-01   5.49281317E-01   5.63955209E-01   5.88593417E-01   6.23059127E-01   6.67318816E-01   7.20716580E-01   7.82422068E-01   8.50860681E-01   9.24177520E-01   1.00000000E+00; ...
    1.00000000E+00   9.09657234E-01   8.22344034E-01   7.40761183E-01   6.67318816E-01   6.03633891E-01   5.50995679E-01   5.09857798E-01   4.80598067E-01   4.63035720E-01   4.57250303E-01   4.63035720E-01   4.80598067E-01   5.09857798E-01   5.50995679E-01   6.03633891E-01   6.67318816E-01   7.40761183E-01   8.22344034E-01   9.09657234E-01   1.00000000E+00; ...
    1.00000000E+00   8.97657291E-01   7.98702279E-01   7.06329736E-01   6.23059127E-01   5.50995679E-01   4.91281376E-01   4.44773758E-01   4.11541549E-01   3.91739795E-01   3.85097797E-01   3.91739795E-01   4.11541549E-01   4.44773758E-01   4.91281376E-01   5.50995679E-01   6.23059127E-01   7.06329736E-01   7.98702279E-01   8.97657291E-01   1.00000000E+00; ...
    1.00000000E+00   8.88274241E-01   7.80294308E-01   6.79412171E-01   5.88593417E-01   5.09857798E-01   4.44773758E-01   3.93926044E-01   3.57751001E-01   3.36050649E-01   3.28892880E-01   3.36050649E-01   3.57751001E-01   3.93926044E-01   4.44773758E-01   5.09857798E-01   5.88593417E-01   6.79412171E-01   7.80294308E-01   8.88274241E-01   1.00000000E+00; ...
    1.00000000E+00   8.81603069E-01   7.67130704E-01   6.60271461E-01   5.63955209E-01   4.80598067E-01   4.11541549E-01   3.57751001E-01   3.19328495E-01   2.96424918E-01   2.88751378E-01   2.96424918E-01   3.19328495E-01   3.57751001E-01   4.11541549E-01   4.80598067E-01   5.63955209E-01   6.60271461E-01   7.67130704E-01   8.81603069E-01   1.00000000E+00; ...
    1.00000000E+00   8.77595226E-01   7.59293756E-01   6.48776238E-01   5.49281317E-01   4.63035720E-01   3.91739795E-01   3.36050649E-01   2.96424918E-01   2.72663415E-01   2.64819404E-01   2.72663415E-01   2.96424918E-01   3.36050649E-01   3.91739795E-01   4.63035720E-01   5.49281317E-01   6.48776238E-01   7.59293756E-01   8.77595226E-01   1.00000000E+00; ...
    1.00000000E+00   8.76277602E-01   7.56658509E-01   6.44994197E-01   5.44352482E-01   4.57250303E-01   3.85097797E-01   3.28892880E-01   2.88751378E-01   2.64819404E-01   2.56804920E-01   2.64819404E-01   2.88751378E-01   3.28892880E-01   3.85097797E-01   4.57250303E-01   5.44352482E-01   6.44994197E-01   7.56658509E-01   8.76277602E-01   1.00000000E+00; ...
    1.00000000E+00   8.77595226E-01   7.59293756E-01   6.48776238E-01   5.49281317E-01   4.63035720E-01   3.91739795E-01   3.36050649E-01   2.96424918E-01   2.72663415E-01   2.64819404E-01   2.72663415E-01   2.96424918E-01   3.36050649E-01   3.91739795E-01   4.63035720E-01   5.49281317E-01   6.48776238E-01   7.59293756E-01   8.77595226E-01   1.00000000E+00; ...
    1.00000000E+00   8.81603069E-01   7.67130704E-01   6.60271461E-01   5.63955209E-01   4.80598067E-01   4.11541549E-01   3.57751001E-01   3.19328495E-01   2.96424918E-01   2.88751378E-01   2.96424918E-01   3.19328495E-01   3.57751001E-01   4.11541549E-01   4.80598067E-01   5.63955209E-01   6.60271461E-01   7.67130704E-01   8.81603069E-01   1.00000000E+00; ...
    1.00000000E+00   8.88274241E-01   7.80294308E-01   6.79412171E-01   5.88593417E-01   5.09857798E-01   4.44773758E-01   3.93926044E-01   3.57751001E-01   3.36050649E-01   3.28892880E-01   3.36050649E-01   3.57751001E-01   3.93926044E-01   4.44773758E-01   5.09857798E-01   5.88593417E-01   6.79412171E-01   7.80294308E-01   8.88274241E-01   1.00000000E+00; ...
    1.00000000E+00   8.97657291E-01   7.98702279E-01   7.06329736E-01   6.23059127E-01   5.50995679E-01   4.91281376E-01   4.44773758E-01   4.11541549E-01   3.91739795E-01   3.85097797E-01   3.91739795E-01   4.11541549E-01   4.44773758E-01   4.91281376E-01   5.50995679E-01   6.23059127E-01   7.06329736E-01   7.98702279E-01   8.97657291E-01   1.00000000E+00; ...
    1.00000000E+00   9.09657234E-01   8.22344034E-01   7.40761183E-01   6.67318816E-01   6.03633891E-01   5.50995679E-01   5.09857798E-01   4.80598067E-01   4.63035720E-01   4.57250303E-01   4.63035720E-01   4.80598067E-01   5.09857798E-01   5.50995679E-01   6.03633891E-01   6.67318816E-01   7.40761183E-01   8.22344034E-01   9.09657234E-01   1.00000000E+00; ...
    1.00000000E+00   9.24177520E-01   8.50860681E-01   7.82422068E-01   7.20716580E-01   6.67318816E-01   6.23059127E-01   5.88593417E-01   5.63955209E-01   5.49281317E-01   5.44352482E-01   5.49281317E-01   5.63955209E-01   5.88593417E-01   6.23059127E-01   6.67318816E-01   7.20716580E-01   7.82422068E-01   8.50860681E-01   9.24177520E-01   1.00000000E+00; ...
    1.00000000E+00   9.40916861E-01   8.83815438E-01   8.30455871E-01   7.82422068E-01   7.40761183E-01   7.06329736E-01   6.79412171E-01   6.60271461E-01   6.48776238E-01   6.44994197E-01   6.48776238E-01   6.60271461E-01   6.79412171E-01   7.06329736E-01   7.40761183E-01   7.82422068E-01   8.30455871E-01   8.83815438E-01   9.40916861E-01   1.00000000E+00; ...
    1.00000000E+00   9.59512523E-01   9.20361238E-01   8.83815438E-01   8.50860681E-01   8.22344034E-01   7.98702279E-01   7.80294308E-01   7.67130704E-01   7.59293756E-01   7.56658509E-01   7.59293756E-01   7.67130704E-01   7.80294308E-01   7.98702279E-01   8.22344034E-01   8.50860681E-01   8.83815438E-01   9.20361238E-01   9.59512523E-01   1.00000000E+00; ...
    1.00000000E+00   9.79410928E-01   9.59512523E-01   9.40916861E-01   9.24177520E-01   9.09657234E-01   8.97657291E-01   8.88274241E-01   8.81603069E-01   8.77595226E-01   8.76277602E-01   8.77595226E-01   8.81603069E-01   8.88274241E-01   8.97657291E-01   9.09657234E-01   9.24177520E-01   9.40916861E-01   9.59512523E-01   9.79410928E-01   1.00000000E+00; ...
    1.00000000E+00   1.00000000E+00   1.00000000E+00   1.00000000E+00   1.00000000E+00   1.00000000E+00   1.00000000E+00   1.00000000E+00   1.00000000E+00   1.00000000E+00   1.00000000E+00   1.00000000E+00   1.00000000E+00   1.00000000E+00   1.00000000E+00   1.00000000E+00   1.00000000E+00   1.00000000E+00   1.00000000E+00   1.00000000E+00   1.00000000E+00 ];

% Surface plot (auto-generated)
[ny, nx] = size(field);
[X, Y] = meshgrid(1:nx, 1:ny);
fig = figure('Color','w');
ax = axes('Parent', fig);
h = surf(ax, X, Y, field);
shading(ax, 'interp');
colormap(ax, parula);
cb = colorbar(ax);
cb.Label.String = 'field value';
grid(ax, 'on');
box(ax, 'on');
axis(ax, 'tight');
view(ax, 45, 30);
xlabel(ax, 'i (x index)');
ylabel(ax, 'j (y index)');
zlabel(ax, 'field');
title(ax, sprintf('field (%d x %d)', ny, nx));
set(ax, 'FontSize', 12, 'LineWidth', 1);
set(h, 'EdgeColor', 'k');
drawnow;
