% Auto-generated MATLAB script
field = [ ...
    1.00000000E+00   1.00000000E+00   1.00000000E+00   1.00000000E+00   1.00000000E+00   1.00000000E+00   1.00000000E+00   1.00000000E+00   1.00000000E+00   1.00000000E+00   1.00000000E+00   1.00000000E+00   1.00000000E+00   1.00000000E+00   1.00000000E+00   1.00000000E+00   1.00000000E+00   1.00000000E+00   1.00000000E+00   1.00000000E+00   1.00000000E+00; ...
    1.00000000E+00   9.89809191E-01   9.79878429E-01   9.70453214E-01   9.61776522E-01   9.54050600E-01   9.47475002E-01   9.42189586E-01   9.38334101E-01   9.35977778E-01   9.35193143E-01   9.35977778E-01   9.38334101E-01   9.42189586E-01   9.47475002E-01   9.54050600E-01   9.61776522E-01   9.70453214E-01   9.79878429E-01   9.89809191E-01   1.00000000E+00; ...
    1.00000000E+00   9.79878429E-01   9.60263847E-01   9.41660363E-01   9.24516209E-01   9.09273596E-01   8.96273668E-01   8.85854103E-01   8.78222342E-01   8.73588903E-01   8.72019635E-01   8.73588903E-01   8.78222342E-01   8.85854103E-01   8.96273668E-01   9.09273596E-01   9.24516209E-01   9.41660363E-01   9.60263847E-01   9.79878429E-01   1.00000000E+00; ...
    1.00000000E+00   9.70453214E-01   9.41660363E-01   9.14333359E-01   8.89176492E-01   8.66776393E-01   8.47711340E-01   8.32387169E-01   8.21208672E-01   8.14376983E-01   8.12101945E-01   8.14376983E-01   8.21208672E-01   8.32387169E-01   8.47711340E-01   8.66776393E-01   8.89176492E-01   9.14333359E-01   9.41660363E-01   9.70453214E-01   1.00000000E+00; ...
    1.00000000E+00   9.61776522E-01   9.24516209E-01   8.89176492E-01   8.56609161E-01   8.27653825E-01   8.02959050E-01   7.83165675E-01   7.68668431E-01   7.59866479E-01   7.56885670E-01   7.59866479E-01   7.68668431E-01   7.83165675E-01   8.02959050E-01   8.27653825E-01   8.56609161E-01   8.89176492E-01   9.24516209E-01   9.61776522E-01   1.00000000E+00; ...
    1.00000000E+00   9.54050600E-01   9.09273596E-01   8.66776393E-01   8.27653825E-01   7.92818784E-01   7.63169819E-01   7.39338919E-01   7.21954605E-01   7.11330701E-01   7.07792434E-01   7.11330701E-01   7.21954605E-01   7.39338919E-01   7.63169819E-01   7.92818784E-01   8.27653825E-01   8.66776393E-01   9.09273596E-01   9.54050600E-01   1.00000000E+00; ...
    1.00000000E+00   9.47475002E-01   8.96273668E-01   8.47711340E-01   8.02959050E-01   7.63169819E-01   7.29235767E-01   7.02036442E-01   6.82115411E-01   6.70019908E-01   6.65924183E-01   6.70019908E-01   6.82115411E-01   7.02036442E-01   7.29235767E-01   7.63169819E-01   8.02959050E-01   8.47711340E-01   8.96273668E-01   9.47475002E-01   1.00000000E+00; ...
    1.00000000E+00   9.42189586E-01   8.85854103E-01   8.32387169E-01   7.83165675E-01   7.39338919E-01   7.02036442E-01   6.72054447E-01   6.50182455E-01   6.36816599E-01   6.32364660E-01   6.36816599E-01   6.50182455E-01   6.72054447E-01   7.02036442E-01   7.39338919E-01   7.83165675E-01   8.32387169E-01   8.85854103E-01   9.42189586E-01   1.00000000E+00; ...
    1.00000000E+00   9.38334101E-01   8.78222342E-01   8.21208672E-01   7.68668431E-01   7.21954605E-01   6.82115411E-01   6.50182455E-01   6.26794992E-01   6.12594274E-01   6.07786122E-01   6.12594274E-01   6.26794992E-01   6.50182455E-01   6.82115411E-01   7.21954605E-01   7.68668431E-01   8.21208672E-01   8.78222342E-01   9.38334101E-01   1.00000000E+00; ...
    1.00000000E+00   9.35977778E-01   8.73588903E-01   8.14376983E-01   7.59866479E-01   7.11330701E-01   6.70019908E-01   6.36816599E-01   6.12594274E-01   5.97792525E-01   5.92861992E-01   5.97792525E-01   6.12594274E-01   6.36816599E-01   6.70019908E-01   7.11330701E-01   7.59866479E-01   8.14376983E-01   8.73588903E-01   9.35977778E-01   1.00000000E+00; ...
    1.00000000E+00   9.35193143E-01   8.72019635E-01   8.12101945E-01   7.56885670E-01   7.07792434E-01   6.65924183E-01   6.32364660E-01   6.07786122E-01   5.92861992E-01   5.87809077E-01   5.92861992E-01   6.07786122E-01   6.32364660E-01   6.65924183E-01   7.07792434E-01   7.56885670E-01   8.12101945E-01   8.72019635E-01   9.35193143E-01   1.00000000E+00; ...
    1.00000000E+00   9.35977778E-01   8.73588903E-01   8.14376983E-01   7.59866479E-01   7.11330701E-01   6.70019908E-01   6.36816599E-01   6.12594274E-01   5.97792525E-01   5.92861992E-01   5.97792525E-01   6.12594274E-01   6.36816599E-01   6.70019908E-01   7.11330701E-01   7.59866479E-01   8.14376983E-01   8.73588903E-01   9.35977778E-01   1.00000000E+00; ...
    1.00000000E+00   9.38334101E-01   8.78222342E-01   8.21208672E-01   7.68668431E-01   7.21954605E-01   6.82115411E-01   6.50182455E-01   6.26794992E-01   6.12594274E-01   6.07786122E-01   6.12594274E-01   6.26794992E-01   6.50182455E-01   6.82115411E-01   7.21954605E-01   7.68668431E-01   8.21208672E-01   8.78222342E-01   9.38334101E-01   1.00000000E+00; ...
    1.00000000E+00   9.42189586E-01   8.85854103E-01   8.32387169E-01   7.83165675E-01   7.39338919E-01   7.02036442E-01   6.72054447E-01   6.50182455E-01   6.36816599E-01   6.32364660E-01   6.36816599E-01   6.50182455E-01   6.72054447E-01   7.02036442E-01   7.39338919E-01   7.83165675E-01   8.32387169E-01   8.85854103E-01   9.42189586E-01   1.00000000E+00; ...
    1.00000000E+00   9.47475002E-01   8.96273668E-01   8.47711340E-01   8.02959050E-01   7.63169819E-01   7.29235767E-01   7.02036442E-01   6.82115411E-01   6.70019908E-01   6.65924183E-01   6.70019908E-01   6.82115411E-01   7.02036442E-01   7.29235767E-01   7.63169819E-01   8.02959050E-01   8.47711340E-01   8.96273668E-01   9.47475002E-01   1.00000000E+00; ...
    1.00000000E+00   9.54050600E-01   9.09273596E-01   8.66776393E-01   8.27653825E-01   7.92818784E-01   7.63169819E-01   7.39338919E-01   7.21954605E-01   7.11330701E-01   7.07792434E-01   7.11330701E-01   7.21954605E-01   7.39338919E-01   7.63169819E-01   7.92818784E-01   8.27653825E-01   8.66776393E-01   9.09273596E-01   9.54050600E-01   1.00000000E+00; ...
    1.00000000E+00   9.61776522E-01   9.24516209E-01   8.89176492E-01   8.56609161E-01   8.27653825E-01   8.02959050E-01   7.83165675E-01   7.68668431E-01   7.59866479E-01   7.56885670E-01   7.59866479E-01   7.68668431E-01   7.83165675E-01   8.02959050E-01   8.27653825E-01   8.56609161E-01   8.89176492E-01   9.24516209E-01   9.61776522E-01   1.00000000E+00; ...
    1.00000000E+00   9.70453214E-01   9.41660363E-01   9.14333359E-01   8.89176492E-01   8.66776393E-01   8.47711340E-01   8.32387169E-01   8.21208672E-01   8.14376983E-01   8.12101945E-01   8.14376983E-01   8.21208672E-01   8.32387169E-01   8.47711340E-01   8.66776393E-01   8.89176492E-01   9.14333359E-01   9.41660363E-01   9.70453214E-01   1.00000000E+00; ...
    1.00000000E+00   9.79878429E-01   9.60263847E-01   9.41660363E-01   9.24516209E-01   9.09273596E-01   8.96273668E-01   8.85854103E-01   8.78222342E-01   8.73588903E-01   8.72019635E-01   8.73588903E-01   8.78222342E-01   8.85854103E-01   8.96273668E-01   9.09273596E-01   9.24516209E-01   9.41660363E-01   9.60263847E-01   9.79878429E-01   1.00000000E+00; ...
    1.00000000E+00   9.89809191E-01   9.79878429E-01   9.70453214E-01   9.61776522E-01   9.54050600E-01   9.47475002E-01   9.42189586E-01   9.38334101E-01   9.35977778E-01   9.35193143E-01   9.35977778E-01   9.38334101E-01   9.42189586E-01   9.47475002E-01   9.54050600E-01   9.61776522E-01   9.70453214E-01   9.79878429E-01   9.89809191E-01   1.00000000E+00; ...
    1.00000000E+00   1.00000000E+00   1.00000000E+00   1.00000000E+00   1.00000000E+00   1.00000000E+00   1.00000000E+00   1.00000000E+00   1.00000000E+00   1.00000000E+00   1.00000000E+00   1.00000000E+00   1.00000000E+00   1.00000000E+00   1.00000000E+00   1.00000000E+00   1.00000000E+00   1.00000000E+00   1.00000000E+00   1.00000000E+00   1.00000000E+00 ];

% Surface plot (auto-generated)
[ny, nx] = size(field);
[X, Y] = meshgrid(1:nx, 1:ny);
fig = figure('Color','w');
ax = axes('Parent', fig);
h = surf(ax, X, Y, field);
shading(ax, 'interp');
colormap(ax, parula);
cb = colorbar(ax);
cb.Label.String = 'field value';
grid(ax, 'on');
box(ax, 'on');
axis(ax, 'tight');
view(ax, 45, 30);
xlabel(ax, 'i (x index)');
ylabel(ax, 'j (y index)');
zlabel(ax, 'field');
title(ax, sprintf('field (%d x %d)', ny, nx));
set(ax, 'FontSize', 12, 'LineWidth', 1);
set(h, 'EdgeColor', 'k');
drawnow;
