% Auto-generated MATLAB script
field = [ ...
    1.00000000E+00   1.00000000E+00   1.00000000E+00   1.00000000E+00   1.00000000E+00   1.00000000E+00   1.00000000E+00   1.00000000E+00   1.00000000E+00   1.00000000E+00   1.00000000E+00   1.00000000E+00   1.00000000E+00   1.00000000E+00   1.00000000E+00   1.00000000E+00   1.00000000E+00   1.00000000E+00   1.00000000E+00   1.00000000E+00   1.00000000E+00; ...
    1.00000000E+00   9.94552831E-01   9.89240945E-01   9.84192926E-01   9.79537246E-01   9.75382997E-01   9.71839152E-01   9.68984662E-01   9.66898472E-01   9.65621902E-01   9.65196413E-01   9.65621902E-01   9.66898472E-01   9.68984662E-01   9.71839152E-01   9.75382997E-01   9.79537246E-01   9.84192926E-01   9.89240945E-01   9.94552831E-01   1.00000000E+00; ...
    1.00000000E+00   9.89240945E-01   9.78745820E-01   9.68778428E-01   9.59576466E-01   9.51377364E-01   9.44369125E-01   9.38739594E-01   9.34608971E-01   9.32097585E-01   9.31246609E-01   9.32097585E-01   9.34608971E-01   9.38739594E-01   9.44369125E-01   9.51377364E-01   9.59576466E-01   9.68778428E-01   9.78745820E-01   9.89240945E-01   1.00000000E+00; ...
    1.00000000E+00   9.84192926E-01   9.68778428E-01   9.54129645E-01   9.40619381E-01   9.28564218E-01   9.18280374E-01   9.09996969E-01   9.03943075E-01   9.00238616E-01   8.99003892E-01   9.00238616E-01   9.03943075E-01   9.09996969E-01   9.18280374E-01   9.28564218E-01   9.40619381E-01   9.54129645E-01   9.68778428E-01   9.84192926E-01   1.00000000E+00; ...
    1.00000000E+00   9.79537246E-01   9.59576466E-01   9.40619381E-01   9.23118081E-01   9.07524124E-01   8.94195090E-01   8.83488223E-01   8.75632158E-01   8.70855721E-01   8.69237249E-01   8.70855721E-01   8.75632158E-01   8.83488223E-01   8.94195090E-01   9.07524124E-01   9.23118081E-01   9.40619381E-01   9.59576466E-01   9.79537246E-01   1.00000000E+00; ...
    1.00000000E+00   9.75382997E-01   9.51377364E-01   9.28564218E-01   9.07524124E-01   8.88750134E-01   8.72734673E-01   8.59834597E-01   8.50406610E-01   8.44637515E-01   8.42714617E-01   8.44637515E-01   8.50406610E-01   8.59834597E-01   8.72734673E-01   8.88750134E-01   9.07524124E-01   9.28564218E-01   9.51377364E-01   9.75382997E-01   1.00000000E+00; ...
    1.00000000E+00   9.71839152E-01   9.44369125E-01   9.18280374E-01   8.94195090E-01   8.72734673E-01   8.54391265E-01   8.39656461E-01   8.28844955E-01   8.22271607E-01   8.20044281E-01   8.22271607E-01   8.28844955E-01   8.39656461E-01   8.54391265E-01   8.72734673E-01   8.94195090E-01   9.18280374E-01   9.44369125E-01   9.71839152E-01   1.00000000E+00; ...
    1.00000000E+00   9.68984662E-01   9.38739594E-01   9.09996969E-01   8.83488223E-01   8.59834597E-01   8.39656461E-01   8.23403471E-01   8.11524992E-01   8.04256437E-01   8.01833732E-01   8.04256437E-01   8.11524992E-01   8.23403471E-01   8.39656461E-01   8.59834597E-01   8.83488223E-01   9.09996969E-01   9.38739594E-01   9.68984662E-01   1.00000000E+00; ...
    1.00000000E+00   9.66898472E-01   9.34608971E-01   9.03943075E-01   8.75632158E-01   8.50406610E-01   8.28844955E-01   8.11524992E-01   7.98816676E-01   7.91090054E-01   7.88471970E-01   7.91090054E-01   7.98816676E-01   8.11524992E-01   8.28844955E-01   8.50406610E-01   8.75632158E-01   9.03943075E-01   9.34608971E-01   9.66898472E-01   1.00000000E+00; ...
    1.00000000E+00   9.65621902E-01   9.32097585E-01   9.00238616E-01   8.70855721E-01   8.44637515E-01   8.22271607E-01   8.04256437E-01   7.91090054E-01   7.83033435E-01   7.80348044E-01   7.83033435E-01   7.91090054E-01   8.04256437E-01   8.22271607E-01   8.44637515E-01   8.70855721E-01   9.00238616E-01   9.32097585E-01   9.65621902E-01   1.00000000E+00; ...
    1.00000000E+00   9.65196413E-01   9.31246609E-01   8.99003892E-01   8.69237249E-01   8.42714617E-01   8.20044281E-01   8.01833732E-01   7.88471970E-01   7.80348044E-01   7.77595345E-01   7.80348044E-01   7.88471970E-01   8.01833732E-01   8.20044281E-01   8.42714617E-01   8.69237249E-01   8.99003892E-01   9.31246609E-01   9.65196413E-01   1.00000000E+00; ...
    1.00000000E+00   9.65621902E-01   9.32097585E-01   9.00238616E-01   8.70855721E-01   8.44637515E-01   8.22271607E-01   8.04256437E-01   7.91090054E-01   7.83033435E-01   7.80348044E-01   7.83033435E-01   7.91090054E-01   8.04256437E-01   8.22271607E-01   8.44637515E-01   8.70855721E-01   9.00238616E-01   9.32097585E-01   9.65621902E-01   1.00000000E+00; ...
    1.00000000E+00   9.66898472E-01   9.34608971E-01   9.03943075E-01   8.75632158E-01   8.50406610E-01   8.28844955E-01   8.11524992E-01   7.98816676E-01   7.91090054E-01   7.88471970E-01   7.91090054E-01   7.98816676E-01   8.11524992E-01   8.28844955E-01   8.50406610E-01   8.75632158E-01   9.03943075E-01   9.34608971E-01   9.66898472E-01   1.00000000E+00; ...
    1.00000000E+00   9.68984662E-01   9.38739594E-01   9.09996969E-01   8.83488223E-01   8.59834597E-01   8.39656461E-01   8.23403471E-01   8.11524992E-01   8.04256437E-01   8.01833732E-01   8.04256437E-01   8.11524992E-01   8.23403471E-01   8.39656461E-01   8.59834597E-01   8.83488223E-01   9.09996969E-01   9.38739594E-01   9.68984662E-01   1.00000000E+00; ...
    1.00000000E+00   9.71839152E-01   9.44369125E-01   9.18280374E-01   8.94195090E-01   8.72734673E-01   8.54391265E-01   8.39656461E-01   8.28844955E-01   8.22271607E-01   8.20044281E-01   8.22271607E-01   8.28844955E-01   8.39656461E-01   8.54391265E-01   8.72734673E-01   8.94195090E-01   9.18280374E-01   9.44369125E-01   9.71839152E-01   1.00000000E+00; ...
    1.00000000E+00   9.75382997E-01   9.51377364E-01   9.28564218E-01   9.07524124E-01   8.88750134E-01   8.72734673E-01   8.59834597E-01   8.50406610E-01   8.44637515E-01   8.42714617E-01   8.44637515E-01   8.50406610E-01   8.59834597E-01   8.72734673E-01   8.88750134E-01   9.07524124E-01   9.28564218E-01   9.51377364E-01   9.75382997E-01   1.00000000E+00; ...
    1.00000000E+00   9.79537246E-01   9.59576466E-01   9.40619381E-01   9.23118081E-01   9.07524124E-01   8.94195090E-01   8.83488223E-01   8.75632158E-01   8.70855721E-01   8.69237249E-01   8.70855721E-01   8.75632158E-01   8.83488223E-01   8.94195090E-01   9.07524124E-01   9.23118081E-01   9.40619381E-01   9.59576466E-01   9.79537246E-01   1.00000000E+00; ...
    1.00000000E+00   9.84192926E-01   9.68778428E-01   9.54129645E-01   9.40619381E-01   9.28564218E-01   9.18280374E-01   9.09996969E-01   9.03943075E-01   9.00238616E-01   8.99003892E-01   9.00238616E-01   9.03943075E-01   9.09996969E-01   9.18280374E-01   9.28564218E-01   9.40619381E-01   9.54129645E-01   9.68778428E-01   9.84192926E-01   1.00000000E+00; ...
    1.00000000E+00   9.89240945E-01   9.78745820E-01   9.68778428E-01   9.59576466E-01   9.51377364E-01   9.44369125E-01   9.38739594E-01   9.34608971E-01   9.32097585E-01   9.31246609E-01   9.32097585E-01   9.34608971E-01   9.38739594E-01   9.44369125E-01   9.51377364E-01   9.59576466E-01   9.68778428E-01   9.78745820E-01   9.89240945E-01   1.00000000E+00; ...
    1.00000000E+00   9.94552831E-01   9.89240945E-01   9.84192926E-01   9.79537246E-01   9.75382997E-01   9.71839152E-01   9.68984662E-01   9.66898472E-01   9.65621902E-01   9.65196413E-01   9.65621902E-01   9.66898472E-01   9.68984662E-01   9.71839152E-01   9.75382997E-01   9.79537246E-01   9.84192926E-01   9.89240945E-01   9.94552831E-01   1.00000000E+00; ...
    1.00000000E+00   1.00000000E+00   1.00000000E+00   1.00000000E+00   1.00000000E+00   1.00000000E+00   1.00000000E+00   1.00000000E+00   1.00000000E+00   1.00000000E+00   1.00000000E+00   1.00000000E+00   1.00000000E+00   1.00000000E+00   1.00000000E+00   1.00000000E+00   1.00000000E+00   1.00000000E+00   1.00000000E+00   1.00000000E+00   1.00000000E+00 ];

% Surface plot (auto-generated)
[ny, nx] = size(field);
[X, Y] = meshgrid(1:nx, 1:ny);
fig = figure('Color','w');
ax = axes('Parent', fig);
h = surf(ax, X, Y, field);
shading(ax, 'interp');
colormap(ax, parula);
cb = colorbar(ax);
cb.Label.String = 'field value';
grid(ax, 'on');
box(ax, 'on');
axis(ax, 'tight');
view(ax, 45, 30);
xlabel(ax, 'i (x index)');
ylabel(ax, 'j (y index)');
zlabel(ax, 'field');
title(ax, sprintf('field (%d x %d)', ny, nx));
set(ax, 'FontSize', 12, 'LineWidth', 1);
set(h, 'EdgeColor', 'k');
drawnow;
