% Auto-generated MATLAB script
field = [ ...
    1.00000000E+00   1.00000000E+00   1.00000000E+00   1.00000000E+00   1.00000000E+00   1.00000000E+00   1.00000000E+00   1.00000000E+00   1.00000000E+00   1.00000000E+00   1.00000000E+00   1.00000000E+00   1.00000000E+00   1.00000000E+00   1.00000000E+00   1.00000000E+00   1.00000000E+00   1.00000000E+00   1.00000000E+00   1.00000000E+00   1.00000000E+00; ...
    1.00000000E+00   9.93013857E-01   9.86201951E-01   9.79729714E-01   9.73762190E-01   9.68439099E-01   9.63899747E-01   9.60244565E-01   9.57573966E-01   9.55940093E-01   9.55395592E-01   9.55940093E-01   9.57573966E-01   9.60244565E-01   9.63899747E-01   9.68439099E-01   9.73762190E-01   9.79729714E-01   9.86201951E-01   9.93013857E-01   1.00000000E+00; ...
    1.00000000E+00   9.86201951E-01   9.72743792E-01   9.59964969E-01   9.48170709E-01   9.37665314E-01   9.28688787E-01   9.21480600E-01   9.16193071E-01   9.12978994E-01   9.11889992E-01   9.12978994E-01   9.16193071E-01   9.21480600E-01   9.28688787E-01   9.37665314E-01   9.48170709E-01   9.59964969E-01   9.72743792E-01   9.86201951E-01   1.00000000E+00; ...
    1.00000000E+00   9.79729714E-01   9.59964969E-01   9.41185784E-01   9.23871010E-01   9.08426078E-01   8.95255141E-01   8.84649650E-01   8.76900894E-01   8.72160230E-01   8.70580343E-01   8.72160230E-01   8.76900894E-01   8.84649650E-01   8.95255141E-01   9.08426078E-01   9.23871010E-01   9.41185784E-01   9.59964969E-01   9.79729714E-01   1.00000000E+00; ...
    1.00000000E+00   9.73762190E-01   9.48170709E-01   9.23871010E-01   9.01443543E-01   8.81466895E-01   8.64397523E-01   8.50690703E-01   8.40636185E-01   8.34524398E-01   8.32453628E-01   8.34524398E-01   8.40636185E-01   8.50690703E-01   8.64397523E-01   8.81466895E-01   9.01443543E-01   9.23871010E-01   9.48170709E-01   9.73762190E-01   1.00000000E+00; ...
    1.00000000E+00   9.68439099E-01   9.37665314E-01   9.08426078E-01   8.81466895E-01   8.57419115E-01   8.36911892E-01   8.20399148E-01   8.08334273E-01   8.00953087E-01   7.98493156E-01   8.00953087E-01   8.08334273E-01   8.20399148E-01   8.36911892E-01   8.57419115E-01   8.81466895E-01   9.08426078E-01   9.37665314E-01   9.68439099E-01   1.00000000E+00; ...
    1.00000000E+00   9.63899747E-01   9.28688787E-01   8.95255141E-01   8.64397523E-01   8.36911892E-01   8.13426420E-01   7.94567352E-01   7.80733530E-01   7.72324356E-01   7.69475265E-01   7.72324356E-01   7.80733530E-01   7.94567352E-01   8.13426420E-01   8.36911892E-01   8.64397523E-01   8.95255141E-01   9.28688787E-01   9.63899747E-01   1.00000000E+00; ...
    1.00000000E+00   9.60244565E-01   9.21480600E-01   8.84649650E-01   8.50690703E-01   8.20399148E-01   7.94567352E-01   7.73767258E-01   7.58569787E-01   7.49272191E-01   7.46173504E-01   7.49272191E-01   7.58569787E-01   7.73767258E-01   7.94567352E-01   8.20399148E-01   8.50690703E-01   8.84649650E-01   9.21480600E-01   9.60244565E-01   1.00000000E+00; ...
    1.00000000E+00   9.57573966E-01   9.16193071E-01   8.76900894E-01   8.40636185E-01   8.08334273E-01   7.80733530E-01   7.58569787E-01   7.42311942E-01   7.32429199E-01   7.29080918E-01   7.32429199E-01   7.42311942E-01   7.58569787E-01   7.80733530E-01   8.08334273E-01   8.40636185E-01   8.76900894E-01   9.16193071E-01   9.57573966E-01   1.00000000E+00; ...
    1.00000000E+00   9.55940093E-01   9.12978994E-01   8.72160230E-01   8.34524398E-01   8.00953087E-01   7.72324356E-01   7.49272191E-01   7.32429199E-01   7.22124955E-01   7.18690725E-01   7.22124955E-01   7.32429199E-01   7.49272191E-01   7.72324356E-01   8.00953087E-01   8.34524398E-01   8.72160230E-01   9.12978994E-01   9.55940093E-01   1.00000000E+00; ...
    1.00000000E+00   9.55395592E-01   9.11889992E-01   8.70580343E-01   8.32453628E-01   7.98493156E-01   7.69475265E-01   7.46173504E-01   7.29080918E-01   7.18690725E-01   7.15170546E-01   7.18690725E-01   7.29080918E-01   7.46173504E-01   7.69475265E-01   7.98493156E-01   8.32453628E-01   8.70580343E-01   9.11889992E-01   9.55395592E-01   1.00000000E+00; ...
    1.00000000E+00   9.55940093E-01   9.12978994E-01   8.72160230E-01   8.34524398E-01   8.00953087E-01   7.72324356E-01   7.49272191E-01   7.32429199E-01   7.22124955E-01   7.18690725E-01   7.22124955E-01   7.32429199E-01   7.49272191E-01   7.72324356E-01   8.00953087E-01   8.34524398E-01   8.72160230E-01   9.12978994E-01   9.55940093E-01   1.00000000E+00; ...
    1.00000000E+00   9.57573966E-01   9.16193071E-01   8.76900894E-01   8.40636185E-01   8.08334273E-01   7.80733530E-01   7.58569787E-01   7.42311942E-01   7.32429199E-01   7.29080918E-01   7.32429199E-01   7.42311942E-01   7.58569787E-01   7.80733530E-01   8.08334273E-01   8.40636185E-01   8.76900894E-01   9.16193071E-01   9.57573966E-01   1.00000000E+00; ...
    1.00000000E+00   9.60244565E-01   9.21480600E-01   8.84649650E-01   8.50690703E-01   8.20399148E-01   7.94567352E-01   7.73767258E-01   7.58569787E-01   7.49272191E-01   7.46173504E-01   7.49272191E-01   7.58569787E-01   7.73767258E-01   7.94567352E-01   8.20399148E-01   8.50690703E-01   8.84649650E-01   9.21480600E-01   9.60244565E-01   1.00000000E+00; ...
    1.00000000E+00   9.63899747E-01   9.28688787E-01   8.95255141E-01   8.64397523E-01   8.36911892E-01   8.13426420E-01   7.94567352E-01   7.80733530E-01   7.72324356E-01   7.69475265E-01   7.72324356E-01   7.80733530E-01   7.94567352E-01   8.13426420E-01   8.36911892E-01   8.64397523E-01   8.95255141E-01   9.28688787E-01   9.63899747E-01   1.00000000E+00; ...
    1.00000000E+00   9.68439099E-01   9.37665314E-01   9.08426078E-01   8.81466895E-01   8.57419115E-01   8.36911892E-01   8.20399148E-01   8.08334273E-01   8.00953087E-01   7.98493156E-01   8.00953087E-01   8.08334273E-01   8.20399148E-01   8.36911892E-01   8.57419115E-01   8.81466895E-01   9.08426078E-01   9.37665314E-01   9.68439099E-01   1.00000000E+00; ...
    1.00000000E+00   9.73762190E-01   9.48170709E-01   9.23871010E-01   9.01443543E-01   8.81466895E-01   8.64397523E-01   8.50690703E-01   8.40636185E-01   8.34524398E-01   8.32453628E-01   8.34524398E-01   8.40636185E-01   8.50690703E-01   8.64397523E-01   8.81466895E-01   9.01443543E-01   9.23871010E-01   9.48170709E-01   9.73762190E-01   1.00000000E+00; ...
    1.00000000E+00   9.79729714E-01   9.59964969E-01   9.41185784E-01   9.23871010E-01   9.08426078E-01   8.95255141E-01   8.84649650E-01   8.76900894E-01   8.72160230E-01   8.70580343E-01   8.72160230E-01   8.76900894E-01   8.84649650E-01   8.95255141E-01   9.08426078E-01   9.23871010E-01   9.41185784E-01   9.59964969E-01   9.79729714E-01   1.00000000E+00; ...
    1.00000000E+00   9.86201951E-01   9.72743792E-01   9.59964969E-01   9.48170709E-01   9.37665314E-01   9.28688787E-01   9.21480600E-01   9.16193071E-01   9.12978994E-01   9.11889992E-01   9.12978994E-01   9.16193071E-01   9.21480600E-01   9.28688787E-01   9.37665314E-01   9.48170709E-01   9.59964969E-01   9.72743792E-01   9.86201951E-01   1.00000000E+00; ...
    1.00000000E+00   9.93013857E-01   9.86201951E-01   9.79729714E-01   9.73762190E-01   9.68439099E-01   9.63899747E-01   9.60244565E-01   9.57573966E-01   9.55940093E-01   9.55395592E-01   9.55940093E-01   9.57573966E-01   9.60244565E-01   9.63899747E-01   9.68439099E-01   9.73762190E-01   9.79729714E-01   9.86201951E-01   9.93013857E-01   1.00000000E+00; ...
    1.00000000E+00   1.00000000E+00   1.00000000E+00   1.00000000E+00   1.00000000E+00   1.00000000E+00   1.00000000E+00   1.00000000E+00   1.00000000E+00   1.00000000E+00   1.00000000E+00   1.00000000E+00   1.00000000E+00   1.00000000E+00   1.00000000E+00   1.00000000E+00   1.00000000E+00   1.00000000E+00   1.00000000E+00   1.00000000E+00   1.00000000E+00 ];

% Surface plot (auto-generated)
[ny, nx] = size(field);
[X, Y] = meshgrid(1:nx, 1:ny);
fig = figure('Color','w');
ax = axes('Parent', fig);
h = surf(ax, X, Y, field);
shading(ax, 'interp');
colormap(ax, parula);
cb = colorbar(ax);
cb.Label.String = 'field value';
grid(ax, 'on');
box(ax, 'on');
axis(ax, 'tight');
view(ax, 45, 30);
xlabel(ax, 'i (x index)');
ylabel(ax, 'j (y index)');
zlabel(ax, 'field');
title(ax, sprintf('field (%d x %d)', ny, nx));
set(ax, 'FontSize', 12, 'LineWidth', 1);
set(h, 'EdgeColor', 'k');
drawnow;
