% Auto-generated MATLAB data file
% Each timestep appended as fields{idx} and times(idx)
fields = {};
times = [];

% ------------------------------------------------------------
% step 1  (tag 00_0031)
times(1) =   3.1250000000000006E-03
fields{1} = [ ...
    1.00000000E+00   1.00000000E+00   1.00000000E+00   1.00000000E+00   1.00000000E+00   1.00000000E+00   1.00000000E+00   1.00000000E+00   1.00000000E+00   1.00000000E+00   1.00000000E+00   1.00000000E+00   1.00000000E+00   1.00000000E+00   1.00000000E+00   1.00000000E+00   1.00000000E+00   1.00000000E+00   1.00000000E+00   1.00000000E+00   1.00000000E+00; ...
    1.00000000E+00   8.04687500E-01   6.58203125E-01   5.84960938E-01   5.55664062E-01   5.49804688E-01   5.48828125E-01   5.48828125E-01   5.48828125E-01   5.48828125E-01   5.48828125E-01   5.48828125E-01   5.48828125E-01   5.48828125E-01   5.48828125E-01   5.49804688E-01   5.55664062E-01   5.84960938E-01   6.58203125E-01   8.04687500E-01   1.00000000E+00; ...
    1.00000000E+00   6.58203125E-01   4.14062500E-01   2.82226562E-01   2.38281250E-01   2.27539062E-01   2.26562500E-01   2.26562500E-01   2.26562500E-01   2.26562500E-01   2.26562500E-01   2.26562500E-01   2.26562500E-01   2.26562500E-01   2.26562500E-01   2.27539062E-01   2.38281250E-01   2.82226562E-01   4.14062500E-01   6.58203125E-01   1.00000000E+00; ...
    1.00000000E+00   5.84960938E-01   2.82226562E-01   1.30859375E-01   7.71484375E-02   6.64062500E-02   6.54296875E-02   6.54296875E-02   6.54296875E-02   6.54296875E-02   6.54296875E-02   6.54296875E-02   6.54296875E-02   6.54296875E-02   6.54296875E-02   6.64062500E-02   7.71484375E-02   1.30859375E-01   2.82226562E-01   5.84960938E-01   1.00000000E+00; ...
    1.00000000E+00   5.55664062E-01   2.38281250E-01   7.71484375E-02   2.34375000E-02   1.26953125E-02   1.17187500E-02   1.17187500E-02   1.17187500E-02   1.17187500E-02   1.17187500E-02   1.17187500E-02   1.17187500E-02   1.17187500E-02   1.17187500E-02   1.26953125E-02   2.34375000E-02   7.71484375E-02   2.38281250E-01   5.55664062E-01   1.00000000E+00; ...
    1.00000000E+00   5.49804688E-01   2.27539062E-01   6.64062500E-02   1.26953125E-02   1.95312500E-03   9.76562500E-04   9.76562500E-04   9.76562500E-04   9.76562500E-04   9.76562500E-04   9.76562500E-04   9.76562500E-04   9.76562500E-04   9.76562500E-04   1.95312500E-03   1.26953125E-02   6.64062500E-02   2.27539062E-01   5.49804688E-01   1.00000000E+00; ...
    1.00000000E+00   5.48828125E-01   2.26562500E-01   6.54296875E-02   1.17187500E-02   9.76562500E-04   0.00000000E+00   0.00000000E+00   0.00000000E+00   0.00000000E+00   0.00000000E+00   0.00000000E+00   0.00000000E+00   0.00000000E+00   0.00000000E+00   9.76562500E-04   1.17187500E-02   6.54296875E-02   2.26562500E-01   5.48828125E-01   1.00000000E+00; ...
    1.00000000E+00   5.48828125E-01   2.26562500E-01   6.54296875E-02   1.17187500E-02   9.76562500E-04   0.00000000E+00   0.00000000E+00   0.00000000E+00   0.00000000E+00   0.00000000E+00   0.00000000E+00   0.00000000E+00   0.00000000E+00   0.00000000E+00   9.76562500E-04   1.17187500E-02   6.54296875E-02   2.26562500E-01   5.48828125E-01   1.00000000E+00; ...
    1.00000000E+00   5.48828125E-01   2.26562500E-01   6.54296875E-02   1.17187500E-02   9.76562500E-04   0.00000000E+00   0.00000000E+00   0.00000000E+00   0.00000000E+00   0.00000000E+00   0.00000000E+00   0.00000000E+00   0.00000000E+00   0.00000000E+00   9.76562500E-04   1.17187500E-02   6.54296875E-02   2.26562500E-01   5.48828125E-01   1.00000000E+00; ...
    1.00000000E+00   5.48828125E-01   2.26562500E-01   6.54296875E-02   1.17187500E-02   9.76562500E-04   0.00000000E+00   0.00000000E+00   0.00000000E+00   0.00000000E+00   0.00000000E+00   0.00000000E+00   0.00000000E+00   0.00000000E+00   0.00000000E+00   9.76562500E-04   1.17187500E-02   6.54296875E-02   2.26562500E-01   5.48828125E-01   1.00000000E+00; ...
    1.00000000E+00   5.48828125E-01   2.26562500E-01   6.54296875E-02   1.17187500E-02   9.76562500E-04   0.00000000E+00   0.00000000E+00   0.00000000E+00   0.00000000E+00   0.00000000E+00   0.00000000E+00   0.00000000E+00   0.00000000E+00   0.00000000E+00   9.76562500E-04   1.17187500E-02   6.54296875E-02   2.26562500E-01   5.48828125E-01   1.00000000E+00; ...
    1.00000000E+00   5.48828125E-01   2.26562500E-01   6.54296875E-02   1.17187500E-02   9.76562500E-04   0.00000000E+00   0.00000000E+00   0.00000000E+00   0.00000000E+00   0.00000000E+00   0.00000000E+00   0.00000000E+00   0.00000000E+00   0.00000000E+00   9.76562500E-04   1.17187500E-02   6.54296875E-02   2.26562500E-01   5.48828125E-01   1.00000000E+00; ...
    1.00000000E+00   5.48828125E-01   2.26562500E-01   6.54296875E-02   1.17187500E-02   9.76562500E-04   0.00000000E+00   0.00000000E+00   0.00000000E+00   0.00000000E+00   0.00000000E+00   0.00000000E+00   0.00000000E+00   0.00000000E+00   0.00000000E+00   9.76562500E-04   1.17187500E-02   6.54296875E-02   2.26562500E-01   5.48828125E-01   1.00000000E+00; ...
    1.00000000E+00   5.48828125E-01   2.26562500E-01   6.54296875E-02   1.17187500E-02   9.76562500E-04   0.00000000E+00   0.00000000E+00   0.00000000E+00   0.00000000E+00   0.00000000E+00   0.00000000E+00   0.00000000E+00   0.00000000E+00   0.00000000E+00   9.76562500E-04   1.17187500E-02   6.54296875E-02   2.26562500E-01   5.48828125E-01   1.00000000E+00; ...
    1.00000000E+00   5.48828125E-01   2.26562500E-01   6.54296875E-02   1.17187500E-02   9.76562500E-04   0.00000000E+00   0.00000000E+00   0.00000000E+00   0.00000000E+00   0.00000000E+00   0.00000000E+00   0.00000000E+00   0.00000000E+00   0.00000000E+00   9.76562500E-04   1.17187500E-02   6.54296875E-02   2.26562500E-01   5.48828125E-01   1.00000000E+00; ...
    1.00000000E+00   5.49804688E-01   2.27539062E-01   6.64062500E-02   1.26953125E-02   1.95312500E-03   9.76562500E-04   9.76562500E-04   9.76562500E-04   9.76562500E-04   9.76562500E-04   9.76562500E-04   9.76562500E-04   9.76562500E-04   9.76562500E-04   1.95312500E-03   1.26953125E-02   6.64062500E-02   2.27539062E-01   5.49804688E-01   1.00000000E+00; ...
    1.00000000E+00   5.55664062E-01   2.38281250E-01   7.71484375E-02   2.34375000E-02   1.26953125E-02   1.17187500E-02   1.17187500E-02   1.17187500E-02   1.17187500E-02   1.17187500E-02   1.17187500E-02   1.17187500E-02   1.17187500E-02   1.17187500E-02   1.26953125E-02   2.34375000E-02   7.71484375E-02   2.38281250E-01   5.55664062E-01   1.00000000E+00; ...
    1.00000000E+00   5.84960938E-01   2.82226562E-01   1.30859375E-01   7.71484375E-02   6.64062500E-02   6.54296875E-02   6.54296875E-02   6.54296875E-02   6.54296875E-02   6.54296875E-02   6.54296875E-02   6.54296875E-02   6.54296875E-02   6.54296875E-02   6.64062500E-02   7.71484375E-02   1.30859375E-01   2.82226562E-01   5.84960938E-01   1.00000000E+00; ...
    1.00000000E+00   6.58203125E-01   4.14062500E-01   2.82226562E-01   2.38281250E-01   2.27539062E-01   2.26562500E-01   2.26562500E-01   2.26562500E-01   2.26562500E-01   2.26562500E-01   2.26562500E-01   2.26562500E-01   2.26562500E-01   2.26562500E-01   2.27539062E-01   2.38281250E-01   2.82226562E-01   4.14062500E-01   6.58203125E-01   1.00000000E+00; ...
    1.00000000E+00   8.04687500E-01   6.58203125E-01   5.84960938E-01   5.55664062E-01   5.49804688E-01   5.48828125E-01   5.48828125E-01   5.48828125E-01   5.48828125E-01   5.48828125E-01   5.48828125E-01   5.48828125E-01   5.48828125E-01   5.48828125E-01   5.49804688E-01   5.55664062E-01   5.84960938E-01   6.58203125E-01   8.04687500E-01   1.00000000E+00; ...
    1.00000000E+00   1.00000000E+00   1.00000000E+00   1.00000000E+00   1.00000000E+00   1.00000000E+00   1.00000000E+00   1.00000000E+00   1.00000000E+00   1.00000000E+00   1.00000000E+00   1.00000000E+00   1.00000000E+00   1.00000000E+00   1.00000000E+00   1.00000000E+00   1.00000000E+00   1.00000000E+00   1.00000000E+00   1.00000000E+00   1.00000000E+00 ];

% ------------------------------------------------------------
% step 2  (tag 00_0063)
times(2) =   6.2500000000000012E-03
fields{2} = [ ...
    1.00000000E+00   1.00000000E+00   1.00000000E+00   1.00000000E+00   1.00000000E+00   1.00000000E+00   1.00000000E+00   1.00000000E+00   1.00000000E+00   1.00000000E+00   1.00000000E+00   1.00000000E+00   1.00000000E+00   1.00000000E+00   1.00000000E+00   1.00000000E+00   1.00000000E+00   1.00000000E+00   1.00000000E+00   1.00000000E+00   1.00000000E+00; ...
    1.00000000E+00   8.88969421E-01   7.96443939E-01   7.30354309E-01   6.92588806E-01   6.73706055E-01   6.66625023E-01   6.64264679E-01   6.63740158E-01   6.63635254E-01   6.63625717E-01   6.63635254E-01   6.63740158E-01   6.64264679E-01   6.66625023E-01   6.73706055E-01   6.92588806E-01   7.30354309E-01   7.96443939E-01   8.88969421E-01   1.00000000E+00; ...
    1.00000000E+00   7.96443939E-01   6.24610901E-01   5.05649567E-01   4.34839249E-01   4.01794434E-01   3.88419151E-01   3.84485245E-01   3.83488655E-01   3.83331299E-01   3.83312225E-01   3.83331299E-01   3.83488655E-01   3.84485245E-01   3.88419151E-01   4.01794434E-01   4.34839249E-01   5.05649567E-01   6.24610901E-01   7.96443939E-01   1.00000000E+00; ...
    1.00000000E+00   7.30354309E-01   5.05649567E-01   3.47034454E-01   2.56397247E-01   2.12337494E-01   1.95815086E-01   1.90622330E-01   1.89468384E-01   1.89268112E-01   1.89249039E-01   1.89268112E-01   1.89468384E-01   1.90622330E-01   1.95815086E-01   2.12337494E-01   2.56397247E-01   3.47034454E-01   5.05649567E-01   7.30354309E-01   1.00000000E+00; ...
    1.00000000E+00   6.92588806E-01   4.34839249E-01   2.56397247E-01   1.52542114E-01   1.04076385E-01   8.53509903E-02   7.98435211E-02   7.85751343E-02   7.83748627E-02   7.83557892E-02   7.83748627E-02   7.85751343E-02   7.98435211E-02   8.53509903E-02   1.04076385E-01   1.52542114E-01   2.56397247E-01   4.34839249E-01   6.92588806E-01   1.00000000E+00; ...
    1.00000000E+00   6.73706055E-01   4.01794434E-01   2.12337494E-01   1.04076385E-01   5.29670715E-02   3.38010788E-02   2.80933380E-02   2.68249512E-02   2.66246796E-02   2.66056061E-02   2.66246796E-02   2.68249512E-02   2.80933380E-02   3.38010788E-02   5.29670715E-02   1.04076385E-01   2.12337494E-01   4.01794434E-01   6.73706055E-01   1.00000000E+00; ...
    1.00000000E+00   6.66625023E-01   3.88419151E-01   1.95815086E-01   8.53509903E-02   3.38010788E-02   1.43947601E-02   8.68701935E-03   7.41863251E-03   7.21836090E-03   7.19928741E-03   7.21836090E-03   7.41863251E-03   8.68701935E-03   1.43947601E-02   3.38010788E-02   8.53509903E-02   1.95815086E-01   3.88419151E-01   6.66625023E-01   1.00000000E+00; ...
    1.00000000E+00   6.64264679E-01   3.84485245E-01   1.90622330E-01   7.98435211E-02   2.80933380E-02   8.68701935E-03   2.97927856E-03   1.71089172E-03   1.51062012E-03   1.49154663E-03   1.51062012E-03   1.71089172E-03   2.97927856E-03   8.68701935E-03   2.80933380E-02   7.98435211E-02   1.90622330E-01   3.84485245E-01   6.64264679E-01   1.00000000E+00; ...
    1.00000000E+00   6.63740158E-01   3.83488655E-01   1.89468384E-01   7.85751343E-02   2.68249512E-02   7.41863251E-03   1.71089172E-03   4.42504883E-04   2.42233276E-04   2.23159790E-04   2.42233276E-04   4.42504883E-04   1.71089172E-03   7.41863251E-03   2.68249512E-02   7.85751343E-02   1.89468384E-01   3.83488655E-01   6.63740158E-01   1.00000000E+00; ...
    1.00000000E+00   6.63635254E-01   3.83331299E-01   1.89268112E-01   7.83748627E-02   2.66246796E-02   7.21836090E-03   1.51062012E-03   2.42233276E-04   4.19616699E-05   2.28881836E-05   4.19616699E-05   2.42233276E-04   1.51062012E-03   7.21836090E-03   2.66246796E-02   7.83748627E-02   1.89268112E-01   3.83331299E-01   6.63635254E-01   1.00000000E+00; ...
    1.00000000E+00   6.63625717E-01   3.83312225E-01   1.89249039E-01   7.83557892E-02   2.66056061E-02   7.19928741E-03   1.49154663E-03   2.23159790E-04   2.28881836E-05   3.81469727E-06   2.28881836E-05   2.23159790E-04   1.49154663E-03   7.19928741E-03   2.66056061E-02   7.83557892E-02   1.89249039E-01   3.83312225E-01   6.63625717E-01   1.00000000E+00; ...
    1.00000000E+00   6.63635254E-01   3.83331299E-01   1.89268112E-01   7.83748627E-02   2.66246796E-02   7.21836090E-03   1.51062012E-03   2.42233276E-04   4.19616699E-05   2.28881836E-05   4.19616699E-05   2.42233276E-04   1.51062012E-03   7.21836090E-03   2.66246796E-02   7.83748627E-02   1.89268112E-01   3.83331299E-01   6.63635254E-01   1.00000000E+00; ...
    1.00000000E+00   6.63740158E-01   3.83488655E-01   1.89468384E-01   7.85751343E-02   2.68249512E-02   7.41863251E-03   1.71089172E-03   4.42504883E-04   2.42233276E-04   2.23159790E-04   2.42233276E-04   4.42504883E-04   1.71089172E-03   7.41863251E-03   2.68249512E-02   7.85751343E-02   1.89468384E-01   3.83488655E-01   6.63740158E-01   1.00000000E+00; ...
    1.00000000E+00   6.64264679E-01   3.84485245E-01   1.90622330E-01   7.98435211E-02   2.80933380E-02   8.68701935E-03   2.97927856E-03   1.71089172E-03   1.51062012E-03   1.49154663E-03   1.51062012E-03   1.71089172E-03   2.97927856E-03   8.68701935E-03   2.80933380E-02   7.98435211E-02   1.90622330E-01   3.84485245E-01   6.64264679E-01   1.00000000E+00; ...
    1.00000000E+00   6.66625023E-01   3.88419151E-01   1.95815086E-01   8.53509903E-02   3.38010788E-02   1.43947601E-02   8.68701935E-03   7.41863251E-03   7.21836090E-03   7.19928741E-03   7.21836090E-03   7.41863251E-03   8.68701935E-03   1.43947601E-02   3.38010788E-02   8.53509903E-02   1.95815086E-01   3.88419151E-01   6.66625023E-01   1.00000000E+00; ...
    1.00000000E+00   6.73706055E-01   4.01794434E-01   2.12337494E-01   1.04076385E-01   5.29670715E-02   3.38010788E-02   2.80933380E-02   2.68249512E-02   2.66246796E-02   2.66056061E-02   2.66246796E-02   2.68249512E-02   2.80933380E-02   3.38010788E-02   5.29670715E-02   1.04076385E-01   2.12337494E-01   4.01794434E-01   6.73706055E-01   1.00000000E+00; ...
    1.00000000E+00   6.92588806E-01   4.34839249E-01   2.56397247E-01   1.52542114E-01   1.04076385E-01   8.53509903E-02   7.98435211E-02   7.85751343E-02   7.83748627E-02   7.83557892E-02   7.83748627E-02   7.85751343E-02   7.98435211E-02   8.53509903E-02   1.04076385E-01   1.52542114E-01   2.56397247E-01   4.34839249E-01   6.92588806E-01   1.00000000E+00; ...
    1.00000000E+00   7.30354309E-01   5.05649567E-01   3.47034454E-01   2.56397247E-01   2.12337494E-01   1.95815086E-01   1.90622330E-01   1.89468384E-01   1.89268112E-01   1.89249039E-01   1.89268112E-01   1.89468384E-01   1.90622330E-01   1.95815086E-01   2.12337494E-01   2.56397247E-01   3.47034454E-01   5.05649567E-01   7.30354309E-01   1.00000000E+00; ...
    1.00000000E+00   7.96443939E-01   6.24610901E-01   5.05649567E-01   4.34839249E-01   4.01794434E-01   3.88419151E-01   3.84485245E-01   3.83488655E-01   3.83331299E-01   3.83312225E-01   3.83331299E-01   3.83488655E-01   3.84485245E-01   3.88419151E-01   4.01794434E-01   4.34839249E-01   5.05649567E-01   6.24610901E-01   7.96443939E-01   1.00000000E+00; ...
    1.00000000E+00   8.88969421E-01   7.96443939E-01   7.30354309E-01   6.92588806E-01   6.73706055E-01   6.66625023E-01   6.64264679E-01   6.63740158E-01   6.63635254E-01   6.63625717E-01   6.63635254E-01   6.63740158E-01   6.64264679E-01   6.66625023E-01   6.73706055E-01   6.92588806E-01   7.30354309E-01   7.96443939E-01   8.88969421E-01   1.00000000E+00; ...
    1.00000000E+00   1.00000000E+00   1.00000000E+00   1.00000000E+00   1.00000000E+00   1.00000000E+00   1.00000000E+00   1.00000000E+00   1.00000000E+00   1.00000000E+00   1.00000000E+00   1.00000000E+00   1.00000000E+00   1.00000000E+00   1.00000000E+00   1.00000000E+00   1.00000000E+00   1.00000000E+00   1.00000000E+00   1.00000000E+00   1.00000000E+00 ];

% ------------------------------------------------------------
% step 3  (tag 00_0094)
times(3) =   9.3750000000000014E-03
fields{3} = [ ...
    1.00000000E+00   1.00000000E+00   1.00000000E+00   1.00000000E+00   1.00000000E+00   1.00000000E+00   1.00000000E+00   1.00000000E+00   1.00000000E+00   1.00000000E+00   1.00000000E+00   1.00000000E+00   1.00000000E+00   1.00000000E+00   1.00000000E+00   1.00000000E+00   1.00000000E+00   1.00000000E+00   1.00000000E+00   1.00000000E+00   1.00000000E+00; ...
    1.00000000E+00   9.22869308E-01   8.54308693E-01   8.00983770E-01   7.63656324E-01   7.41259857E-01   7.29043617E-01   7.23490997E-01   7.21178989E-01   7.20419495E-01   7.20236956E-01   7.20419495E-01   7.21178989E-01   7.23490997E-01   7.29043617E-01   7.41259857E-01   7.63656324E-01   8.00983770E-01   8.54308693E-01   9.22869308E-01   1.00000000E+00; ...
    1.00000000E+00   8.54308693E-01   7.25757539E-01   6.24440186E-01   5.55117786E-01   5.12360894E-01   4.89964455E-01   4.79321841E-01   4.75160450E-01   4.73696876E-01   4.73387212E-01   4.73696876E-01   4.75160450E-01   4.79321841E-01   4.89964455E-01   5.12360894E-01   5.55117786E-01   6.24440186E-01   7.25757539E-01   8.54308693E-01   1.00000000E+00; ...
    1.00000000E+00   8.00983770E-01   6.24440186E-01   4.87128509E-01   3.91628420E-01   3.34328367E-01   3.03448418E-01   2.89412498E-01   2.83685441E-01   2.81801506E-01   2.81364716E-01   2.81801506E-01   2.83685441E-01   2.89412498E-01   3.03448418E-01   3.34328367E-01   3.91628420E-01   4.87128509E-01   6.24440186E-01   8.00983770E-01   1.00000000E+00; ...
    1.00000000E+00   7.63656324E-01   5.55117786E-01   3.91628420E-01   2.79767275E-01   2.11559852E-01   1.75832182E-01   1.59185951E-01   1.52676225E-01   1.50458373E-01   1.49980903E-01   1.50458373E-01   1.52676225E-01   1.59185951E-01   1.75832182E-01   2.11559852E-01   2.79767275E-01   3.91628420E-01   5.55117786E-01   7.63656324E-01   1.00000000E+00; ...
    1.00000000E+00   7.41259857E-01   5.12360894E-01   3.34328367E-01   2.11559852E-01   1.37898743E-01   9.88149596E-02   8.10500234E-02   7.39809452E-02   7.16524944E-02   7.11343437E-02   7.16524944E-02   7.39809452E-02   8.10500234E-02   9.88149596E-02   1.37898743E-01   2.11559852E-01   3.34328367E-01   5.12360894E-01   7.41259857E-01   1.00000000E+00; ...
    1.00000000E+00   7.29043617E-01   4.89964455E-01   3.03448418E-01   1.75832182E-01   9.88149596E-02   5.84726334E-02   3.99885299E-02   3.27596366E-02   3.03566055E-02   2.98337936E-02   3.03566055E-02   3.27596366E-02   3.99885299E-02   5.84726334E-02   9.88149596E-02   1.75832182E-01   3.03448418E-01   4.89964455E-01   7.29043617E-01   1.00000000E+00; ...
    1.00000000E+00   7.23490997E-01   4.79321841E-01   2.89412498E-01   1.59185951E-01   8.10500234E-02   3.99885299E-02   2.13246346E-02   1.39998524E-02   1.15861669E-02   1.10586938E-02   1.15861669E-02   1.39998524E-02   2.13246346E-02   3.99885299E-02   8.10500234E-02   1.59185951E-01   2.89412498E-01   4.79321841E-01   7.23490997E-01   1.00000000E+00; ...
    1.00000000E+00   7.21178989E-01   4.75160450E-01   2.83685441E-01   1.52676225E-01   7.39809452E-02   3.27596366E-02   1.39998524E-02   6.66308403E-03   4.24340554E-03   3.71593237E-03   4.24340554E-03   6.66308403E-03   1.39998524E-02   3.27596366E-02   7.39809452E-02   1.52676225E-01   2.83685441E-01   4.75160450E-01   7.21178989E-01   1.00000000E+00; ...
    1.00000000E+00   7.20419495E-01   4.73696876E-01   2.81801506E-01   1.50458373E-01   7.16524944E-02   3.03566055E-02   1.15861669E-02   4.24340554E-03   1.82372704E-03   1.29625387E-03   1.82372704E-03   4.24340554E-03   1.15861669E-02   3.03566055E-02   7.16524944E-02   1.50458373E-01   2.81801506E-01   4.73696876E-01   7.20419495E-01   1.00000000E+00; ...
    1.00000000E+00   7.20236956E-01   4.73387212E-01   2.81364716E-01   1.49980903E-01   7.11343437E-02   2.98337936E-02   1.10586938E-02   3.71593237E-03   1.29625387E-03   7.68780708E-04   1.29625387E-03   3.71593237E-03   1.10586938E-02   2.98337936E-02   7.11343437E-02   1.49980903E-01   2.81364716E-01   4.73387212E-01   7.20236956E-01   1.00000000E+00; ...
    1.00000000E+00   7.20419495E-01   4.73696876E-01   2.81801506E-01   1.50458373E-01   7.16524944E-02   3.03566055E-02   1.15861669E-02   4.24340554E-03   1.82372704E-03   1.29625387E-03   1.82372704E-03   4.24340554E-03   1.15861669E-02   3.03566055E-02   7.16524944E-02   1.50458373E-01   2.81801506E-01   4.73696876E-01   7.20419495E-01   1.00000000E+00; ...
    1.00000000E+00   7.21178989E-01   4.75160450E-01   2.83685441E-01   1.52676225E-01   7.39809452E-02   3.27596366E-02   1.39998524E-02   6.66308403E-03   4.24340554E-03   3.71593237E-03   4.24340554E-03   6.66308403E-03   1.39998524E-02   3.27596366E-02   7.39809452E-02   1.52676225E-01   2.83685441E-01   4.75160450E-01   7.21178989E-01   1.00000000E+00; ...
    1.00000000E+00   7.23490997E-01   4.79321841E-01   2.89412498E-01   1.59185951E-01   8.10500234E-02   3.99885299E-02   2.13246346E-02   1.39998524E-02   1.15861669E-02   1.10586938E-02   1.15861669E-02   1.39998524E-02   2.13246346E-02   3.99885299E-02   8.10500234E-02   1.59185951E-01   2.89412498E-01   4.79321841E-01   7.23490997E-01   1.00000000E+00; ...
    1.00000000E+00   7.29043617E-01   4.89964455E-01   3.03448418E-01   1.75832182E-01   9.88149596E-02   5.84726334E-02   3.99885299E-02   3.27596366E-02   3.03566055E-02   2.98337936E-02   3.03566055E-02   3.27596366E-02   3.99885299E-02   5.84726334E-02   9.88149596E-02   1.75832182E-01   3.03448418E-01   4.89964455E-01   7.29043617E-01   1.00000000E+00; ...
    1.00000000E+00   7.41259857E-01   5.12360894E-01   3.34328367E-01   2.11559852E-01   1.37898743E-01   9.88149596E-02   8.10500234E-02   7.39809452E-02   7.16524944E-02   7.11343437E-02   7.16524944E-02   7.39809452E-02   8.10500234E-02   9.88149596E-02   1.37898743E-01   2.11559852E-01   3.34328367E-01   5.12360894E-01   7.41259857E-01   1.00000000E+00; ...
    1.00000000E+00   7.63656324E-01   5.55117786E-01   3.91628420E-01   2.79767275E-01   2.11559852E-01   1.75832182E-01   1.59185951E-01   1.52676225E-01   1.50458373E-01   1.49980903E-01   1.50458373E-01   1.52676225E-01   1.59185951E-01   1.75832182E-01   2.11559852E-01   2.79767275E-01   3.91628420E-01   5.55117786E-01   7.63656324E-01   1.00000000E+00; ...
    1.00000000E+00   8.00983770E-01   6.24440186E-01   4.87128509E-01   3.91628420E-01   3.34328367E-01   3.03448418E-01   2.89412498E-01   2.83685441E-01   2.81801506E-01   2.81364716E-01   2.81801506E-01   2.83685441E-01   2.89412498E-01   3.03448418E-01   3.34328367E-01   3.91628420E-01   4.87128509E-01   6.24440186E-01   8.00983770E-01   1.00000000E+00; ...
    1.00000000E+00   8.54308693E-01   7.25757539E-01   6.24440186E-01   5.55117786E-01   5.12360894E-01   4.89964455E-01   4.79321841E-01   4.75160450E-01   4.73696876E-01   4.73387212E-01   4.73696876E-01   4.75160450E-01   4.79321841E-01   4.89964455E-01   5.12360894E-01   5.55117786E-01   6.24440186E-01   7.25757539E-01   8.54308693E-01   1.00000000E+00; ...
    1.00000000E+00   9.22869308E-01   8.54308693E-01   8.00983770E-01   7.63656324E-01   7.41259857E-01   7.29043617E-01   7.23490997E-01   7.21178989E-01   7.20419495E-01   7.20236956E-01   7.20419495E-01   7.21178989E-01   7.23490997E-01   7.29043617E-01   7.41259857E-01   7.63656324E-01   8.00983770E-01   8.54308693E-01   9.22869308E-01   1.00000000E+00; ...
    1.00000000E+00   1.00000000E+00   1.00000000E+00   1.00000000E+00   1.00000000E+00   1.00000000E+00   1.00000000E+00   1.00000000E+00   1.00000000E+00   1.00000000E+00   1.00000000E+00   1.00000000E+00   1.00000000E+00   1.00000000E+00   1.00000000E+00   1.00000000E+00   1.00000000E+00   1.00000000E+00   1.00000000E+00   1.00000000E+00   1.00000000E+00 ];

% ------------------------------------------------------------
% step 4  (tag 00_0125)
times(4) =   1.2500000000000002E-02
fields{4} = [ ...
    1.00000000E+00   1.00000000E+00   1.00000000E+00   1.00000000E+00   1.00000000E+00   1.00000000E+00   1.00000000E+00   1.00000000E+00   1.00000000E+00   1.00000000E+00   1.00000000E+00   1.00000000E+00   1.00000000E+00   1.00000000E+00   1.00000000E+00   1.00000000E+00   1.00000000E+00   1.00000000E+00   1.00000000E+00   1.00000000E+00   1.00000000E+00; ...
    1.00000000E+00   9.40731507E-01   8.86851059E-01   8.41950689E-01   8.08275446E-01   7.84962020E-01   7.70616534E-01   7.62424531E-01   7.58351799E-01   7.56528552E-01   7.56050323E-01   7.56528552E-01   7.58351799E-01   7.62424531E-01   7.70616534E-01   7.84962020E-01   8.08275446E-01   8.41950689E-01   8.86851059E-01   9.40731507E-01   1.00000000E+00; ...
    1.00000000E+00   8.86851059E-01   7.83580201E-01   6.98269499E-01   6.33509405E-01   5.89472948E-01   5.61806407E-01   5.46446832E-01   5.38569369E-01   5.35190873E-01   5.34234415E-01   5.35190873E-01   5.38569369E-01   5.46446832E-01   5.61806407E-01   5.89472948E-01   6.33509405E-01   6.98269499E-01   7.83580201E-01   8.86851059E-01   1.00000000E+00; ...
    1.00000000E+00   8.41950689E-01   6.98269499E-01   5.78765438E-01   4.89137468E-01   4.27338334E-01   3.89311094E-01   3.67738061E-01   3.57009978E-01   3.52253058E-01   3.50995196E-01   3.52253058E-01   3.57009978E-01   3.67738061E-01   3.89311094E-01   4.27338334E-01   4.89137468E-01   5.78765438E-01   6.98269499E-01   8.41950689E-01   1.00000000E+00; ...
    1.00000000E+00   8.08275446E-01   6.33509405E-01   4.89137468E-01   3.79970445E-01   3.05737459E-01   2.59421289E-01   2.33706567E-01   2.20656496E-01   2.15049782E-01   2.13490515E-01   2.15049782E-01   2.20656496E-01   2.33706567E-01   2.59421289E-01   3.05737459E-01   3.79970445E-01   4.89137468E-01   6.33509405E-01   8.08275446E-01   1.00000000E+00; ...
    1.00000000E+00   7.84962020E-01   5.89472948E-01   4.27338334E-01   3.05737459E-01   2.22386280E-01   1.71096841E-01   1.42274618E-01   1.27936747E-01   1.21664431E-01   1.19987951E-01   1.21664431E-01   1.27936747E-01   1.42274618E-01   1.71096841E-01   2.22386280E-01   3.05737459E-01   4.27338334E-01   5.89472948E-01   7.84962020E-01   1.00000000E+00; ...
    1.00000000E+00   7.70616534E-01   5.61806407E-01   3.89311094E-01   2.59421289E-01   1.71096841E-01   1.16388164E-01   8.60124735E-02   7.07624564E-02   6.42001925E-02   6.24064995E-02   6.42001925E-02   7.07624564E-02   8.60124735E-02   1.16388164E-01   1.71096841E-01   2.59421289E-01   3.89311094E-01   5.61806407E-01   7.70616534E-01   1.00000000E+00; ...
    1.00000000E+00   7.62424531E-01   5.46446832E-01   3.67738061E-01   2.33706567E-01   1.42274618E-01   8.60124735E-02   5.46313074E-02   3.90171370E-02   3.22554054E-02   3.04349797E-02   3.22554054E-02   3.90171370E-02   5.46313074E-02   8.60124735E-02   1.42274618E-01   2.33706567E-01   3.67738061E-01   5.46446832E-01   7.62424531E-01   1.00000000E+00; ...
    1.00000000E+00   7.58351799E-01   5.38569369E-01   3.57009978E-01   2.20656496E-01   1.27936747E-01   7.07624564E-02   3.90171370E-02   2.31798507E-02   1.63596889E-02   1.45125304E-02   1.63596889E-02   2.31798507E-02   3.90171370E-02   7.07624564E-02   1.27936747E-01   2.20656496E-01   3.57009978E-01   5.38569369E-01   7.58351799E-01   1.00000000E+00; ...
    1.00000000E+00   7.56528552E-01   5.35190873E-01   3.52253058E-01   2.15049782E-01   1.21664431E-01   6.42001925E-02   3.22554054E-02   1.63596889E-02   9.50477457E-03   7.65456083E-03   9.50477457E-03   1.63596889E-02   3.22554054E-02   6.42001925E-02   1.21664431E-01   2.15049782E-01   3.52253058E-01   5.35190873E-01   7.56528552E-01   1.00000000E+00; ...
    1.00000000E+00   7.56050323E-01   5.34234415E-01   3.50995196E-01   2.13490515E-01   1.19987951E-01   6.24064995E-02   3.04349797E-02   1.45125304E-02   7.65456083E-03   5.80129192E-03   7.65456083E-03   1.45125304E-02   3.04349797E-02   6.24064995E-02   1.19987951E-01   2.13490515E-01   3.50995196E-01   5.34234415E-01   7.56050323E-01   1.00000000E+00; ...
    1.00000000E+00   7.56528552E-01   5.35190873E-01   3.52253058E-01   2.15049782E-01   1.21664431E-01   6.42001925E-02   3.22554054E-02   1.63596889E-02   9.50477457E-03   7.65456083E-03   9.50477457E-03   1.63596889E-02   3.22554054E-02   6.42001925E-02   1.21664431E-01   2.15049782E-01   3.52253058E-01   5.35190873E-01   7.56528552E-01   1.00000000E+00; ...
    1.00000000E+00   7.58351799E-01   5.38569369E-01   3.57009978E-01   2.20656496E-01   1.27936747E-01   7.07624564E-02   3.90171370E-02   2.31798507E-02   1.63596889E-02   1.45125304E-02   1.63596889E-02   2.31798507E-02   3.90171370E-02   7.07624564E-02   1.27936747E-01   2.20656496E-01   3.57009978E-01   5.38569369E-01   7.58351799E-01   1.00000000E+00; ...
    1.00000000E+00   7.62424531E-01   5.46446832E-01   3.67738061E-01   2.33706567E-01   1.42274618E-01   8.60124735E-02   5.46313074E-02   3.90171370E-02   3.22554054E-02   3.04349797E-02   3.22554054E-02   3.90171370E-02   5.46313074E-02   8.60124735E-02   1.42274618E-01   2.33706567E-01   3.67738061E-01   5.46446832E-01   7.62424531E-01   1.00000000E+00; ...
    1.00000000E+00   7.70616534E-01   5.61806407E-01   3.89311094E-01   2.59421289E-01   1.71096841E-01   1.16388164E-01   8.60124735E-02   7.07624564E-02   6.42001925E-02   6.24064995E-02   6.42001925E-02   7.07624564E-02   8.60124735E-02   1.16388164E-01   1.71096841E-01   2.59421289E-01   3.89311094E-01   5.61806407E-01   7.70616534E-01   1.00000000E+00; ...
    1.00000000E+00   7.84962020E-01   5.89472948E-01   4.27338334E-01   3.05737459E-01   2.22386280E-01   1.71096841E-01   1.42274618E-01   1.27936747E-01   1.21664431E-01   1.19987951E-01   1.21664431E-01   1.27936747E-01   1.42274618E-01   1.71096841E-01   2.22386280E-01   3.05737459E-01   4.27338334E-01   5.89472948E-01   7.84962020E-01   1.00000000E+00; ...
    1.00000000E+00   8.08275446E-01   6.33509405E-01   4.89137468E-01   3.79970445E-01   3.05737459E-01   2.59421289E-01   2.33706567E-01   2.20656496E-01   2.15049782E-01   2.13490515E-01   2.15049782E-01   2.20656496E-01   2.33706567E-01   2.59421289E-01   3.05737459E-01   3.79970445E-01   4.89137468E-01   6.33509405E-01   8.08275446E-01   1.00000000E+00; ...
    1.00000000E+00   8.41950689E-01   6.98269499E-01   5.78765438E-01   4.89137468E-01   4.27338334E-01   3.89311094E-01   3.67738061E-01   3.57009978E-01   3.52253058E-01   3.50995196E-01   3.52253058E-01   3.57009978E-01   3.67738061E-01   3.89311094E-01   4.27338334E-01   4.89137468E-01   5.78765438E-01   6.98269499E-01   8.41950689E-01   1.00000000E+00; ...
    1.00000000E+00   8.86851059E-01   7.83580201E-01   6.98269499E-01   6.33509405E-01   5.89472948E-01   5.61806407E-01   5.46446832E-01   5.38569369E-01   5.35190873E-01   5.34234415E-01   5.35190873E-01   5.38569369E-01   5.46446832E-01   5.61806407E-01   5.89472948E-01   6.33509405E-01   6.98269499E-01   7.83580201E-01   8.86851059E-01   1.00000000E+00; ...
    1.00000000E+00   9.40731507E-01   8.86851059E-01   8.41950689E-01   8.08275446E-01   7.84962020E-01   7.70616534E-01   7.62424531E-01   7.58351799E-01   7.56528552E-01   7.56050323E-01   7.56528552E-01   7.58351799E-01   7.62424531E-01   7.70616534E-01   7.84962020E-01   8.08275446E-01   8.41950689E-01   8.86851059E-01   9.40731507E-01   1.00000000E+00; ...
    1.00000000E+00   1.00000000E+00   1.00000000E+00   1.00000000E+00   1.00000000E+00   1.00000000E+00   1.00000000E+00   1.00000000E+00   1.00000000E+00   1.00000000E+00   1.00000000E+00   1.00000000E+00   1.00000000E+00   1.00000000E+00   1.00000000E+00   1.00000000E+00   1.00000000E+00   1.00000000E+00   1.00000000E+00   1.00000000E+00   1.00000000E+00 ];

% ------------------------------------------------------------
% step 5  (tag 00_0156)
times(5) =   1.5625000000000003E-02
fields{5} = [ ...
    1.00000000E+00   1.00000000E+00   1.00000000E+00   1.00000000E+00   1.00000000E+00   1.00000000E+00   1.00000000E+00   1.00000000E+00   1.00000000E+00   1.00000000E+00   1.00000000E+00   1.00000000E+00   1.00000000E+00   1.00000000E+00   1.00000000E+00   1.00000000E+00   1.00000000E+00   1.00000000E+00   1.00000000E+00   1.00000000E+00   1.00000000E+00; ...
    1.00000000E+00   9.51961781E-01   9.07354887E-01   8.69120548E-01   8.38533680E-01   8.16105873E-01   8.00695485E-01   7.91093416E-01   7.85527308E-01   7.82806612E-01   7.81972851E-01   7.82806612E-01   7.85527308E-01   7.91093416E-01   8.00695485E-01   8.16105873E-01   8.38533680E-01   8.69120548E-01   9.07354887E-01   9.51961781E-01   1.00000000E+00; ...
    1.00000000E+00   9.07354887E-01   8.21572425E-01   7.47652695E-01   6.89027907E-01   6.45573710E-01   6.16154353E-01   5.97512001E-01   5.86941568E-01   5.81631824E-01   5.80095947E-01   5.81631824E-01   5.86941568E-01   5.97512001E-01   6.16154353E-01   6.45573710E-01   6.89027907E-01   7.47652695E-01   8.21572425E-01   9.07354887E-01   1.00000000E+00; ...
    1.00000000E+00   8.69120548E-01   7.47652695E-01   6.43537750E-01   5.60379683E-01   4.99403739E-01   4.57621797E-01   4.31585548E-01   4.16553176E-01   4.09196768E-01   4.06958777E-01   4.09196768E-01   4.16553176E-01   4.31585548E-01   4.57621797E-01   4.99403739E-01   5.60379683E-01   6.43537750E-01   7.47652695E-01   8.69120548E-01   1.00000000E+00; ...
    1.00000000E+00   8.38533680E-01   6.89027907E-01   5.60379683E-01   4.58350271E-01   3.82944192E-01   3.31891281E-01   2.99687625E-01   2.81419805E-01   2.72301091E-01   2.69645343E-01   2.72301091E-01   2.81419805E-01   2.99687625E-01   3.31891281E-01   3.82944192E-01   4.58350271E-01   5.60379683E-01   6.89027907E-01   8.38533680E-01   1.00000000E+00; ...
    1.00000000E+00   8.16105873E-01   6.45573710E-01   4.99403739E-01   3.82944192E-01   2.97549189E-01   2.39284059E-01   2.02971746E-01   1.82134893E-01   1.71920289E-01   1.68846784E-01   1.71920289E-01   1.82134893E-01   2.02971746E-01   2.39284059E-01   2.97549189E-01   3.82944192E-01   4.99403739E-01   6.45573710E-01   8.16105873E-01   1.00000000E+00; ...
    1.00000000E+00   8.00695485E-01   6.16154353E-01   4.57621797E-01   3.31891281E-01   2.39284059E-01   1.76583415E-01   1.37240075E-01   1.14911818E-01   1.03845534E-01   1.00598484E-01   1.03845534E-01   1.14911818E-01   1.37240075E-01   1.76583415E-01   2.39284059E-01   3.31891281E-01   4.57621797E-01   6.16154353E-01   8.00695485E-01   1.00000000E+00; ...
    1.00000000E+00   7.91093416E-01   5.97512001E-01   4.31585548E-01   2.99687625E-01   2.02971746E-01   1.37240075E-01   9.62701942E-02   7.28908134E-02   6.14131318E-02   5.79925367E-02   6.14131318E-02   7.28908134E-02   9.62701942E-02   1.37240075E-01   2.02971746E-01   2.99687625E-01   4.31585548E-01   5.97512001E-01   7.91093416E-01   1.00000000E+00; ...
    1.00000000E+00   7.85527308E-01   5.86941568E-01   4.16553176E-01   2.81419805E-01   1.82134893E-01   1.14911818E-01   7.28908134E-02   4.90357271E-02   3.72719428E-02   3.38030979E-02   3.72719428E-02   4.90357271E-02   7.28908134E-02   1.14911818E-01   1.82134893E-01   2.81419805E-01   4.16553176E-01   5.86941568E-01   7.85527308E-01   1.00000000E+00; ...
    1.00000000E+00   7.82806612E-01   5.81631824E-01   4.09196768E-01   2.72301091E-01   1.71920289E-01   1.03845534E-01   6.14131318E-02   3.72719428E-02   2.54116588E-02   2.18945639E-02   2.54116588E-02   3.72719428E-02   6.14131318E-02   1.03845534E-01   1.71920289E-01   2.72301091E-01   4.09196768E-01   5.81631824E-01   7.82806612E-01   1.00000000E+00; ...
    1.00000000E+00   7.81972851E-01   5.80095947E-01   4.06958777E-01   2.69645343E-01   1.68846784E-01   1.00598484E-01   5.79925367E-02   3.38030979E-02   2.18945639E-02   1.83774691E-02   2.18945639E-02   3.38030979E-02   5.79925367E-02   1.00598484E-01   1.68846784E-01   2.69645343E-01   4.06958777E-01   5.80095947E-01   7.81972851E-01   1.00000000E+00; ...
    1.00000000E+00   7.82806612E-01   5.81631824E-01   4.09196768E-01   2.72301091E-01   1.71920289E-01   1.03845534E-01   6.14131318E-02   3.72719428E-02   2.54116588E-02   2.18945639E-02   2.54116588E-02   3.72719428E-02   6.14131318E-02   1.03845534E-01   1.71920289E-01   2.72301091E-01   4.09196768E-01   5.81631824E-01   7.82806612E-01   1.00000000E+00; ...
    1.00000000E+00   7.85527308E-01   5.86941568E-01   4.16553176E-01   2.81419805E-01   1.82134893E-01   1.14911818E-01   7.28908134E-02   4.90357271E-02   3.72719428E-02   3.38030979E-02   3.72719428E-02   4.90357271E-02   7.28908134E-02   1.14911818E-01   1.82134893E-01   2.81419805E-01   4.16553176E-01   5.86941568E-01   7.85527308E-01   1.00000000E+00; ...
    1.00000000E+00   7.91093416E-01   5.97512001E-01   4.31585548E-01   2.99687625E-01   2.02971746E-01   1.37240075E-01   9.62701942E-02   7.28908134E-02   6.14131318E-02   5.79925367E-02   6.14131318E-02   7.28908134E-02   9.62701942E-02   1.37240075E-01   2.02971746E-01   2.99687625E-01   4.31585548E-01   5.97512001E-01   7.91093416E-01   1.00000000E+00; ...
    1.00000000E+00   8.00695485E-01   6.16154353E-01   4.57621797E-01   3.31891281E-01   2.39284059E-01   1.76583415E-01   1.37240075E-01   1.14911818E-01   1.03845534E-01   1.00598484E-01   1.03845534E-01   1.14911818E-01   1.37240075E-01   1.76583415E-01   2.39284059E-01   3.31891281E-01   4.57621797E-01   6.16154353E-01   8.00695485E-01   1.00000000E+00; ...
    1.00000000E+00   8.16105873E-01   6.45573710E-01   4.99403739E-01   3.82944192E-01   2.97549189E-01   2.39284059E-01   2.02971746E-01   1.82134893E-01   1.71920289E-01   1.68846784E-01   1.71920289E-01   1.82134893E-01   2.02971746E-01   2.39284059E-01   2.97549189E-01   3.82944192E-01   4.99403739E-01   6.45573710E-01   8.16105873E-01   1.00000000E+00; ...
    1.00000000E+00   8.38533680E-01   6.89027907E-01   5.60379683E-01   4.58350271E-01   3.82944192E-01   3.31891281E-01   2.99687625E-01   2.81419805E-01   2.72301091E-01   2.69645343E-01   2.72301091E-01   2.81419805E-01   2.99687625E-01   3.31891281E-01   3.82944192E-01   4.58350271E-01   5.60379683E-01   6.89027907E-01   8.38533680E-01   1.00000000E+00; ...
    1.00000000E+00   8.69120548E-01   7.47652695E-01   6.43537750E-01   5.60379683E-01   4.99403739E-01   4.57621797E-01   4.31585548E-01   4.16553176E-01   4.09196768E-01   4.06958777E-01   4.09196768E-01   4.16553176E-01   4.31585548E-01   4.57621797E-01   4.99403739E-01   5.60379683E-01   6.43537750E-01   7.47652695E-01   8.69120548E-01   1.00000000E+00; ...
    1.00000000E+00   9.07354887E-01   8.21572425E-01   7.47652695E-01   6.89027907E-01   6.45573710E-01   6.16154353E-01   5.97512001E-01   5.86941568E-01   5.81631824E-01   5.80095947E-01   5.81631824E-01   5.86941568E-01   5.97512001E-01   6.16154353E-01   6.45573710E-01   6.89027907E-01   7.47652695E-01   8.21572425E-01   9.07354887E-01   1.00000000E+00; ...
    1.00000000E+00   9.51961781E-01   9.07354887E-01   8.69120548E-01   8.38533680E-01   8.16105873E-01   8.00695485E-01   7.91093416E-01   7.85527308E-01   7.82806612E-01   7.81972851E-01   7.82806612E-01   7.85527308E-01   7.91093416E-01   8.00695485E-01   8.16105873E-01   8.38533680E-01   8.69120548E-01   9.07354887E-01   9.51961781E-01   1.00000000E+00; ...
    1.00000000E+00   1.00000000E+00   1.00000000E+00   1.00000000E+00   1.00000000E+00   1.00000000E+00   1.00000000E+00   1.00000000E+00   1.00000000E+00   1.00000000E+00   1.00000000E+00   1.00000000E+00   1.00000000E+00   1.00000000E+00   1.00000000E+00   1.00000000E+00   1.00000000E+00   1.00000000E+00   1.00000000E+00   1.00000000E+00   1.00000000E+00 ];

% ------------------------------------------------------------
% step 6  (tag 00_0188)
times(6) =   1.8750000000000003E-02
fields{6} = [ ...
    1.00000000E+00   1.00000000E+00   1.00000000E+00   1.00000000E+00   1.00000000E+00   1.00000000E+00   1.00000000E+00   1.00000000E+00   1.00000000E+00   1.00000000E+00   1.00000000E+00   1.00000000E+00   1.00000000E+00   1.00000000E+00   1.00000000E+00   1.00000000E+00   1.00000000E+00   1.00000000E+00   1.00000000E+00   1.00000000E+00   1.00000000E+00; ...
    1.00000000E+00   9.59564644E-01   9.21656776E-01   8.88209660E-01   8.60668504E-01   8.39257908E-01   8.23824688E-01   8.13340052E-01   8.06903713E-01   8.03442190E-01   8.02391451E-01   8.03442190E-01   8.06903713E-01   8.13340052E-01   8.23824688E-01   8.39257908E-01   8.60668504E-01   8.88209660E-01   9.21656776E-01   9.59564644E-01   1.00000000E+00; ...
