% Auto-generated MATLAB data file
% Each timestep appended as fields{idx} and times(idx)
fields = {};
times = [];

% ------------------------------------------------------------
% step 1  (tag 00_0031)
times(1) =   3.0937500000000010E-03
fields{1} = [ ...
    1.00000000E+00   1.00000000E+00   1.00000000E+00   1.00000000E+00   1.00000000E+00   1.00000000E+00   1.00000000E+00   1.00000000E+00   1.00000000E+00   1.00000000E+00   1.00000000E+00   1.00000000E+00   1.00000000E+00   1.00000000E+00   1.00000000E+00   1.00000000E+00   1.00000000E+00   1.00000000E+00   1.00000000E+00   1.00000000E+00   1.00000000E+00; ...
    1.00000000E+00   8.02726175E-01   6.55732554E-01   5.82266378E-01   5.53452098E-01   5.47692275E-01   5.46763574E-01   5.46763574E-01   5.46763574E-01   5.46763574E-01   5.46763574E-01   5.46763574E-01   5.46763574E-01   5.46763574E-01   5.46763574E-01   5.47692275E-01   5.53452098E-01   5.82266378E-01   6.55732554E-01   8.02726175E-01   1.00000000E+00; ...
    1.00000000E+00   6.55732554E-01   4.10148129E-01   2.79038232E-01   2.35542969E-01   2.25139639E-01   2.24210938E-01   2.24210938E-01   2.24210938E-01   2.24210938E-01   2.24210938E-01   2.24210938E-01   2.24210938E-01   2.24210938E-01   2.24210938E-01   2.25139639E-01   2.35542969E-01   2.79038232E-01   4.10148129E-01   6.55732554E-01   1.00000000E+00; ...
    1.00000000E+00   5.82266378E-01   2.79038232E-01   1.28228614E-01   7.54463378E-02   6.50430080E-02   6.41143068E-02   6.41143068E-02   6.41143068E-02   6.41143068E-02   6.41143068E-02   6.41143068E-02   6.41143068E-02   6.41143068E-02   6.41143068E-02   6.50430080E-02   7.54463378E-02   1.28228614E-01   2.79038232E-01   5.82266378E-01   1.00000000E+00; ...
    1.00000000E+00   5.53452098E-01   2.35542969E-01   7.54463378E-02   2.26640621E-02   1.22607323E-02   1.13320311E-02   1.13320311E-02   1.13320311E-02   1.13320311E-02   1.13320311E-02   1.13320311E-02   1.13320311E-02   1.13320311E-02   1.13320311E-02   1.22607323E-02   2.26640621E-02   7.54463378E-02   2.35542969E-01   5.53452098E-01   1.00000000E+00; ...
    1.00000000E+00   5.47692275E-01   2.25139639E-01   6.50430080E-02   1.22607323E-02   1.85740244E-03   9.28701221E-04   9.28701221E-04   9.28701221E-04   9.28701221E-04   9.28701221E-04   9.28701221E-04   9.28701221E-04   9.28701221E-04   9.28701221E-04   1.85740244E-03   1.22607323E-02   6.50430080E-02   2.25139639E-01   5.47692275E-01   1.00000000E+00; ...
    1.00000000E+00   5.46763574E-01   2.24210938E-01   6.41143068E-02   1.13320311E-02   9.28701221E-04   0.00000000E+00   0.00000000E+00   0.00000000E+00   0.00000000E+00   0.00000000E+00   0.00000000E+00   0.00000000E+00   0.00000000E+00   0.00000000E+00   9.28701221E-04   1.13320311E-02   6.41143068E-02   2.24210938E-01   5.46763574E-01   1.00000000E+00; ...
    1.00000000E+00   5.46763574E-01   2.24210938E-01   6.41143068E-02   1.13320311E-02   9.28701221E-04   0.00000000E+00   0.00000000E+00   0.00000000E+00   0.00000000E+00   0.00000000E+00   0.00000000E+00   0.00000000E+00   0.00000000E+00   0.00000000E+00   9.28701221E-04   1.13320311E-02   6.41143068E-02   2.24210938E-01   5.46763574E-01   1.00000000E+00; ...
    1.00000000E+00   5.46763574E-01   2.24210938E-01   6.41143068E-02   1.13320311E-02   9.28701221E-04   0.00000000E+00   0.00000000E+00   0.00000000E+00   0.00000000E+00   0.00000000E+00   0.00000000E+00   0.00000000E+00   0.00000000E+00   0.00000000E+00   9.28701221E-04   1.13320311E-02   6.41143068E-02   2.24210938E-01   5.46763574E-01   1.00000000E+00; ...
    1.00000000E+00   5.46763574E-01   2.24210938E-01   6.41143068E-02   1.13320311E-02   9.28701221E-04   0.00000000E+00   0.00000000E+00   0.00000000E+00   0.00000000E+00   0.00000000E+00   0.00000000E+00   0.00000000E+00   0.00000000E+00   0.00000000E+00   9.28701221E-04   1.13320311E-02   6.41143068E-02   2.24210938E-01   5.46763574E-01   1.00000000E+00; ...
    1.00000000E+00   5.46763574E-01   2.24210938E-01   6.41143068E-02   1.13320311E-02   9.28701221E-04   0.00000000E+00   0.00000000E+00   0.00000000E+00   0.00000000E+00   0.00000000E+00   0.00000000E+00   0.00000000E+00   0.00000000E+00   0.00000000E+00   9.28701221E-04   1.13320311E-02   6.41143068E-02   2.24210938E-01   5.46763574E-01   1.00000000E+00; ...
    1.00000000E+00   5.46763574E-01   2.24210938E-01   6.41143068E-02   1.13320311E-02   9.28701221E-04   0.00000000E+00   0.00000000E+00   0.00000000E+00   0.00000000E+00   0.00000000E+00   0.00000000E+00   0.00000000E+00   0.00000000E+00   0.00000000E+00   9.28701221E-04   1.13320311E-02   6.41143068E-02   2.24210938E-01   5.46763574E-01   1.00000000E+00; ...
    1.00000000E+00   5.46763574E-01   2.24210938E-01   6.41143068E-02   1.13320311E-02   9.28701221E-04   0.00000000E+00   0.00000000E+00   0.00000000E+00   0.00000000E+00   0.00000000E+00   0.00000000E+00   0.00000000E+00   0.00000000E+00   0.00000000E+00   9.28701221E-04   1.13320311E-02   6.41143068E-02   2.24210938E-01   5.46763574E-01   1.00000000E+00; ...
    1.00000000E+00   5.46763574E-01   2.24210938E-01   6.41143068E-02   1.13320311E-02   9.28701221E-04   0.00000000E+00   0.00000000E+00   0.00000000E+00   0.00000000E+00   0.00000000E+00   0.00000000E+00   0.00000000E+00   0.00000000E+00   0.00000000E+00   9.28701221E-04   1.13320311E-02   6.41143068E-02   2.24210938E-01   5.46763574E-01   1.00000000E+00; ...
    1.00000000E+00   5.46763574E-01   2.24210938E-01   6.41143068E-02   1.13320311E-02   9.28701221E-04   0.00000000E+00   0.00000000E+00   0.00000000E+00   0.00000000E+00   0.00000000E+00   0.00000000E+00   0.00000000E+00   0.00000000E+00   0.00000000E+00   9.28701221E-04   1.13320311E-02   6.41143068E-02   2.24210938E-01   5.46763574E-01   1.00000000E+00; ...
    1.00000000E+00   5.47692275E-01   2.25139639E-01   6.50430080E-02   1.22607323E-02   1.85740244E-03   9.28701221E-04   9.28701221E-04   9.28701221E-04   9.28701221E-04   9.28701221E-04   9.28701221E-04   9.28701221E-04   9.28701221E-04   9.28701221E-04   1.85740244E-03   1.22607323E-02   6.50430080E-02   2.25139639E-01   5.47692275E-01   1.00000000E+00; ...
    1.00000000E+00   5.53452098E-01   2.35542969E-01   7.54463378E-02   2.26640621E-02   1.22607323E-02   1.13320311E-02   1.13320311E-02   1.13320311E-02   1.13320311E-02   1.13320311E-02   1.13320311E-02   1.13320311E-02   1.13320311E-02   1.13320311E-02   1.22607323E-02   2.26640621E-02   7.54463378E-02   2.35542969E-01   5.53452098E-01   1.00000000E+00; ...
    1.00000000E+00   5.82266378E-01   2.79038232E-01   1.28228614E-01   7.54463378E-02   6.50430080E-02   6.41143068E-02   6.41143068E-02   6.41143068E-02   6.41143068E-02   6.41143068E-02   6.41143068E-02   6.41143068E-02   6.41143068E-02   6.41143068E-02   6.50430080E-02   7.54463378E-02   1.28228614E-01   2.79038232E-01   5.82266378E-01   1.00000000E+00; ...
    1.00000000E+00   6.55732554E-01   4.10148129E-01   2.79038232E-01   2.35542969E-01   2.25139639E-01   2.24210938E-01   2.24210938E-01   2.24210938E-01   2.24210938E-01   2.24210938E-01   2.24210938E-01   2.24210938E-01   2.24210938E-01   2.24210938E-01   2.25139639E-01   2.35542969E-01   2.79038232E-01   4.10148129E-01   6.55732554E-01   1.00000000E+00; ...
    1.00000000E+00   8.02726175E-01   6.55732554E-01   5.82266378E-01   5.53452098E-01   5.47692275E-01   5.46763574E-01   5.46763574E-01   5.46763574E-01   5.46763574E-01   5.46763574E-01   5.46763574E-01   5.46763574E-01   5.46763574E-01   5.46763574E-01   5.47692275E-01   5.53452098E-01   5.82266378E-01   6.55732554E-01   8.02726175E-01   1.00000000E+00; ...
    1.00000000E+00   1.00000000E+00   1.00000000E+00   1.00000000E+00   1.00000000E+00   1.00000000E+00   1.00000000E+00   1.00000000E+00   1.00000000E+00   1.00000000E+00   1.00000000E+00   1.00000000E+00   1.00000000E+00   1.00000000E+00   1.00000000E+00   1.00000000E+00   1.00000000E+00   1.00000000E+00   1.00000000E+00   1.00000000E+00   1.00000000E+00 ];

% ------------------------------------------------------------
% step 2  (tag 00_0062)
times(2) =   6.1875000000000020E-03
fields{2} = [ ...
    1.00000000E+00   1.00000000E+00   1.00000000E+00   1.00000000E+00   1.00000000E+00   1.00000000E+00   1.00000000E+00   1.00000000E+00   1.00000000E+00   1.00000000E+00   1.00000000E+00   1.00000000E+00   1.00000000E+00   1.00000000E+00   1.00000000E+00   1.00000000E+00   1.00000000E+00   1.00000000E+00   1.00000000E+00   1.00000000E+00   1.00000000E+00; ...
    1.00000000E+00   8.87945122E-01   7.94585272E-01   7.28361595E-01   6.90541383E-01   6.71893506E-01   6.64906378E-01   6.62625975E-01   6.62119667E-01   6.62021246E-01   6.62012272E-01   6.62021246E-01   6.62119667E-01   6.62625975E-01   6.64906378E-01   6.71893506E-01   6.90541383E-01   7.28361595E-01   7.94585272E-01   8.87945122E-01   1.00000000E+00; ...
    1.00000000E+00   7.94585272E-01   6.21741685E-01   5.02202456E-01   4.31732143E-01   3.98915363E-01   3.85843309E-01   3.82012022E-01   3.81062596E-01   3.80913601E-01   3.80896003E-01   3.80913601E-01   3.81062596E-01   3.82012022E-01   3.85843309E-01   3.98915363E-01   4.31732143E-01   5.02202456E-01   6.21741685E-01   7.94585272E-01   1.00000000E+00; ...
    1.00000000E+00   7.28361595E-01   5.02202456E-01   3.43476578E-01   2.53033509E-01   2.09564068E-01   1.93347623E-01   1.88334263E-01   1.87229981E-01   1.87042174E-01   1.87024576E-01   1.87042174E-01   1.87229981E-01   1.88334263E-01   1.93347623E-01   2.09564068E-01   2.53033509E-01   3.43476578E-01   5.02202456E-01   7.28361595E-01   1.00000000E+00; ...
    1.00000000E+00   6.90541383E-01   4.31732143E-01   2.53033509E-01   1.49805630E-01   1.01904198E-01   8.36186810E-02   7.82914285E-02   7.70836483E-02   7.68958418E-02   7.68782436E-02   7.68958418E-02   7.70836483E-02   7.82914285E-02   8.36186810E-02   1.01904198E-01   1.49805630E-01   2.53033509E-01   4.31732143E-01   6.90541383E-01   1.00000000E+00; ...
    1.00000000E+00   6.71893506E-01   3.98915363E-01   2.09564068E-01   1.01904198E-01   5.15197021E-02   3.27918088E-02   2.72834342E-02   2.60756540E-02   2.58878475E-02   2.58702493E-02   2.58878475E-02   2.60756540E-02   2.72834342E-02   3.27918088E-02   5.15197021E-02   1.01904198E-01   2.09564068E-01   3.98915363E-01   6.71893506E-01   1.00000000E+00; ...
    1.00000000E+00   6.64906378E-01   3.85843309E-01   1.93347623E-01   8.36186810E-02   3.27918088E-02   1.38465690E-02   8.33819438E-03   7.13041417E-03   6.94260766E-03   6.92500946E-03   6.94260766E-03   7.13041417E-03   8.33819438E-03   1.38465690E-02   3.27918088E-02   8.36186810E-02   1.93347623E-01   3.85843309E-01   6.64906378E-01   1.00000000E+00; ...
    1.00000000E+00   6.62625975E-01   3.82012022E-01   1.88334263E-01   7.82914285E-02   2.72834342E-02   8.33819438E-03   2.82981978E-03   1.62203958E-03   1.43423306E-03   1.41663486E-03   1.43423306E-03   1.62203958E-03   2.82981978E-03   8.33819438E-03   2.72834342E-02   7.82914285E-02   1.88334263E-01   3.82012022E-01   6.62625975E-01   1.00000000E+00; ...
    1.00000000E+00   6.62119667E-01   3.81062596E-01   1.87229981E-01   7.70836483E-02   2.60756540E-02   7.13041417E-03   1.62203958E-03   4.14259371E-04   2.26452856E-04   2.08854657E-04   2.26452856E-04   4.14259371E-04   1.62203958E-03   7.13041417E-03   2.60756540E-02   7.70836483E-02   1.87229981E-01   3.81062596E-01   6.62119667E-01   1.00000000E+00; ...
    1.00000000E+00   6.62021246E-01   3.80913601E-01   1.87042174E-01   7.68958418E-02   2.58878475E-02   6.94260766E-03   1.43423306E-03   2.26452856E-04   3.86463405E-05   2.10481421E-05   3.86463405E-05   2.26452856E-04   1.43423306E-03   6.94260766E-03   2.58878475E-02   7.68958418E-02   1.87042174E-01   3.80913601E-01   6.62021246E-01   1.00000000E+00; ...
    1.00000000E+00   6.62012272E-01   3.80896003E-01   1.87024576E-01   7.68782436E-02   2.58702493E-02   6.92500946E-03   1.41663486E-03   2.08854657E-04   2.10481421E-05   3.44994383E-06   2.10481421E-05   2.08854657E-04   1.41663486E-03   6.92500946E-03   2.58702493E-02   7.68782436E-02   1.87024576E-01   3.80896003E-01   6.62012272E-01   1.00000000E+00; ...
    1.00000000E+00   6.62021246E-01   3.80913601E-01   1.87042174E-01   7.68958418E-02   2.58878475E-02   6.94260766E-03   1.43423306E-03   2.26452856E-04   3.86463405E-05   2.10481421E-05   3.86463405E-05   2.26452856E-04   1.43423306E-03   6.94260766E-03   2.58878475E-02   7.68958418E-02   1.87042174E-01   3.80913601E-01   6.62021246E-01   1.00000000E+00; ...
    1.00000000E+00   6.62119667E-01   3.81062596E-01   1.87229981E-01   7.70836483E-02   2.60756540E-02   7.13041417E-03   1.62203958E-03   4.14259371E-04   2.26452856E-04   2.08854657E-04   2.26452856E-04   4.14259371E-04   1.62203958E-03   7.13041417E-03   2.60756540E-02   7.70836483E-02   1.87229981E-01   3.81062596E-01   6.62119667E-01   1.00000000E+00; ...
    1.00000000E+00   6.62625975E-01   3.82012022E-01   1.88334263E-01   7.82914285E-02   2.72834342E-02   8.33819438E-03   2.82981978E-03   1.62203958E-03   1.43423306E-03   1.41663486E-03   1.43423306E-03   1.62203958E-03   2.82981978E-03   8.33819438E-03   2.72834342E-02   7.82914285E-02   1.88334263E-01   3.82012022E-01   6.62625975E-01   1.00000000E+00; ...
    1.00000000E+00   6.64906378E-01   3.85843309E-01   1.93347623E-01   8.36186810E-02   3.27918088E-02   1.38465690E-02   8.33819438E-03   7.13041417E-03   6.94260766E-03   6.92500946E-03   6.94260766E-03   7.13041417E-03   8.33819438E-03   1.38465690E-02   3.27918088E-02   8.36186810E-02   1.93347623E-01   3.85843309E-01   6.64906378E-01   1.00000000E+00; ...
    1.00000000E+00   6.71893506E-01   3.98915363E-01   2.09564068E-01   1.01904198E-01   5.15197021E-02   3.27918088E-02   2.72834342E-02   2.60756540E-02   2.58878475E-02   2.58702493E-02   2.58878475E-02   2.60756540E-02   2.72834342E-02   3.27918088E-02   5.15197021E-02   1.01904198E-01   2.09564068E-01   3.98915363E-01   6.71893506E-01   1.00000000E+00; ...
    1.00000000E+00   6.90541383E-01   4.31732143E-01   2.53033509E-01   1.49805630E-01   1.01904198E-01   8.36186810E-02   7.82914285E-02   7.70836483E-02   7.68958418E-02   7.68782436E-02   7.68958418E-02   7.70836483E-02   7.82914285E-02   8.36186810E-02   1.01904198E-01   1.49805630E-01   2.53033509E-01   4.31732143E-01   6.90541383E-01   1.00000000E+00; ...
    1.00000000E+00   7.28361595E-01   5.02202456E-01   3.43476578E-01   2.53033509E-01   2.09564068E-01   1.93347623E-01   1.88334263E-01   1.87229981E-01   1.87042174E-01   1.87024576E-01   1.87042174E-01   1.87229981E-01   1.88334263E-01   1.93347623E-01   2.09564068E-01   2.53033509E-01   3.43476578E-01   5.02202456E-01   7.28361595E-01   1.00000000E+00; ...
    1.00000000E+00   7.94585272E-01   6.21741685E-01   5.02202456E-01   4.31732143E-01   3.98915363E-01   3.85843309E-01   3.82012022E-01   3.81062596E-01   3.80913601E-01   3.80896003E-01   3.80913601E-01   3.81062596E-01   3.82012022E-01   3.85843309E-01   3.98915363E-01   4.31732143E-01   5.02202456E-01   6.21741685E-01   7.94585272E-01   1.00000000E+00; ...
    1.00000000E+00   8.87945122E-01   7.94585272E-01   7.28361595E-01   6.90541383E-01   6.71893506E-01   6.64906378E-01   6.62625975E-01   6.62119667E-01   6.62021246E-01   6.62012272E-01   6.62021246E-01   6.62119667E-01   6.62625975E-01   6.64906378E-01   6.71893506E-01   6.90541383E-01   7.28361595E-01   7.94585272E-01   8.87945122E-01   1.00000000E+00; ...
    1.00000000E+00   1.00000000E+00   1.00000000E+00   1.00000000E+00   1.00000000E+00   1.00000000E+00   1.00000000E+00   1.00000000E+00   1.00000000E+00   1.00000000E+00   1.00000000E+00   1.00000000E+00   1.00000000E+00   1.00000000E+00   1.00000000E+00   1.00000000E+00   1.00000000E+00   1.00000000E+00   1.00000000E+00   1.00000000E+00   1.00000000E+00 ];

% ------------------------------------------------------------
% step 3  (tag 00_0093)
times(3) =   9.2812500000000030E-03
fields{3} = [ ...
    1.00000000E+00   1.00000000E+00   1.00000000E+00   1.00000000E+00   1.00000000E+00   1.00000000E+00   1.00000000E+00   1.00000000E+00   1.00000000E+00   1.00000000E+00   1.00000000E+00   1.00000000E+00   1.00000000E+00   1.00000000E+00   1.00000000E+00   1.00000000E+00   1.00000000E+00   1.00000000E+00   1.00000000E+00   1.00000000E+00   1.00000000E+00; ...
    1.00000000E+00   9.22094003E-01   8.53005615E-01   7.99290831E-01   7.61953279E-01   7.39567200E-01   7.27499102E-01   7.22019376E-01   7.19775060E-01   7.19038166E-01   7.18864879E-01   7.19038166E-01   7.19775060E-01   7.22019376E-01   7.27499102E-01   7.39567200E-01   7.61953279E-01   7.99290831E-01   8.53005615E-01   9.22094003E-01   1.00000000E+00; ...
    1.00000000E+00   8.53005615E-01   7.23347273E-01   6.21609435E-01   5.52067763E-01   5.09554524E-01   4.87322161E-01   4.76897209E-01   4.72830128E-01   4.71424401E-01   4.71125798E-01   4.71424401E-01   4.72830128E-01   4.76897209E-01   4.87322161E-01   5.09554524E-01   5.52067763E-01   6.21609435E-01   7.23347273E-01   8.53005615E-01   1.00000000E+00; ...
    1.00000000E+00   7.99290831E-01   6.21609435E-01   4.83557940E-01   3.88129719E-01   3.30995113E-01   3.00515608E-01   2.86707629E-01   2.81152223E-01   2.79332314E-01   2.78917244E-01   2.79332314E-01   2.81152223E-01   2.86707629E-01   3.00515608E-01   3.30995113E-01   3.88129719E-01   4.83557940E-01   6.21609435E-01   7.99290831E-01   1.00000000E+00; ...
    1.00000000E+00   7.61953279E-01   5.52067763E-01   3.88129719E-01   2.76214589E-01   2.08473348E-01   1.73127548E-01   1.56836986E-01   1.50502662E-01   1.48373941E-01   1.47917154E-01   1.48373941E-01   1.50502662E-01   1.56836986E-01   1.73127548E-01   2.08473348E-01   2.76214589E-01   3.88129719E-01   5.52067763E-01   7.61953279E-01   1.00000000E+00; ...
    1.00000000E+00   7.39567200E-01   5.09554524E-01   3.30995113E-01   2.08473348E-01   1.35245043E-01   9.67065661E-02   7.92951731E-02   7.24432529E-02   7.02045445E-02   6.97117002E-02   7.02045445E-02   7.24432529E-02   7.92951731E-02   9.67065661E-02   1.35245043E-01   2.08473348E-01   3.30995113E-01   5.09554524E-01   7.39567200E-01   1.00000000E+00; ...
    1.00000000E+00   7.27499102E-01   4.87322161E-01   3.00515608E-01   1.73127548E-01   9.67065661E-02   5.69043153E-02   3.88273212E-02   3.18156524E-02   2.95101942E-02   2.90123691E-02   2.95101942E-02   3.18156524E-02   3.88273212E-02   5.69043153E-02   9.67065661E-02   1.73127548E-01   3.00515608E-01   4.87322161E-01   7.27499102E-01   1.00000000E+00; ...
    1.00000000E+00   7.22019376E-01   4.76897209E-01   2.86707629E-01   1.56836986E-01   7.92951731E-02   3.88273212E-02   2.05702113E-02   1.34727130E-02   1.11566336E-02   1.06547995E-02   1.11566336E-02   1.34727130E-02   2.05702113E-02   3.88273212E-02   7.92951731E-02   1.56836986E-01   2.86707629E-01   4.76897209E-01   7.22019376E-01   1.00000000E+00; ...
    1.00000000E+00   7.19775060E-01   4.72830128E-01   2.81152223E-01   1.50502662E-01   7.24432529E-02   3.18156524E-02   1.34727130E-02   6.36323978E-03   4.04200601E-03   3.54017191E-03   4.04200601E-03   6.36323978E-03   1.34727130E-02   3.18156524E-02   7.24432529E-02   1.50502662E-01   2.81152223E-01   4.72830128E-01   7.19775060E-01   1.00000000E+00; ...
    1.00000000E+00   7.19038166E-01   4.71424401E-01   2.79332314E-01   1.48373941E-01   7.02045445E-02   2.95101942E-02   1.11566336E-02   4.04200601E-03   1.72077225E-03   1.21893815E-03   1.72077225E-03   4.04200601E-03   1.11566336E-02   2.95101942E-02   7.02045445E-02   1.48373941E-01   2.79332314E-01   4.71424401E-01   7.19038166E-01   1.00000000E+00; ...
    1.00000000E+00   7.18864879E-01   4.71125798E-01   2.78917244E-01   1.47917154E-01   6.97117002E-02   2.90123691E-02   1.06547995E-02   3.54017191E-03   1.21893815E-03   7.17104044E-04   1.21893815E-03   3.54017191E-03   1.06547995E-02   2.90123691E-02   6.97117002E-02   1.47917154E-01   2.78917244E-01   4.71125798E-01   7.18864879E-01   1.00000000E+00; ...
    1.00000000E+00   7.19038166E-01   4.71424401E-01   2.79332314E-01   1.48373941E-01   7.02045445E-02   2.95101942E-02   1.11566336E-02   4.04200601E-03   1.72077225E-03   1.21893815E-03   1.72077225E-03   4.04200601E-03   1.11566336E-02   2.95101942E-02   7.02045445E-02   1.48373941E-01   2.79332314E-01   4.71424401E-01   7.19038166E-01   1.00000000E+00; ...
    1.00000000E+00   7.19775060E-01   4.72830128E-01   2.81152223E-01   1.50502662E-01   7.24432529E-02   3.18156524E-02   1.34727130E-02   6.36323978E-03   4.04200601E-03   3.54017191E-03   4.04200601E-03   6.36323978E-03   1.34727130E-02   3.18156524E-02   7.24432529E-02   1.50502662E-01   2.81152223E-01   4.72830128E-01   7.19775060E-01   1.00000000E+00; ...
    1.00000000E+00   7.22019376E-01   4.76897209E-01   2.86707629E-01   1.56836986E-01   7.92951731E-02   3.88273212E-02   2.05702113E-02   1.34727130E-02   1.11566336E-02   1.06547995E-02   1.11566336E-02   1.34727130E-02   2.05702113E-02   3.88273212E-02   7.92951731E-02   1.56836986E-01   2.86707629E-01   4.76897209E-01   7.22019376E-01   1.00000000E+00; ...
    1.00000000E+00   7.27499102E-01   4.87322161E-01   3.00515608E-01   1.73127548E-01   9.67065661E-02   5.69043153E-02   3.88273212E-02   3.18156524E-02   2.95101942E-02   2.90123691E-02   2.95101942E-02   3.18156524E-02   3.88273212E-02   5.69043153E-02   9.67065661E-02   1.73127548E-01   3.00515608E-01   4.87322161E-01   7.27499102E-01   1.00000000E+00; ...
    1.00000000E+00   7.39567200E-01   5.09554524E-01   3.30995113E-01   2.08473348E-01   1.35245043E-01   9.67065661E-02   7.92951731E-02   7.24432529E-02   7.02045445E-02   6.97117002E-02   7.02045445E-02   7.24432529E-02   7.92951731E-02   9.67065661E-02   1.35245043E-01   2.08473348E-01   3.30995113E-01   5.09554524E-01   7.39567200E-01   1.00000000E+00; ...
    1.00000000E+00   7.61953279E-01   5.52067763E-01   3.88129719E-01   2.76214589E-01   2.08473348E-01   1.73127548E-01   1.56836986E-01   1.50502662E-01   1.48373941E-01   1.47917154E-01   1.48373941E-01   1.50502662E-01   1.56836986E-01   1.73127548E-01   2.08473348E-01   2.76214589E-01   3.88129719E-01   5.52067763E-01   7.61953279E-01   1.00000000E+00; ...
    1.00000000E+00   7.99290831E-01   6.21609435E-01   4.83557940E-01   3.88129719E-01   3.30995113E-01   3.00515608E-01   2.86707629E-01   2.81152223E-01   2.79332314E-01   2.78917244E-01   2.79332314E-01   2.81152223E-01   2.86707629E-01   3.00515608E-01   3.30995113E-01   3.88129719E-01   4.83557940E-01   6.21609435E-01   7.99290831E-01   1.00000000E+00; ...
    1.00000000E+00   8.53005615E-01   7.23347273E-01   6.21609435E-01   5.52067763E-01   5.09554524E-01   4.87322161E-01   4.76897209E-01   4.72830128E-01   4.71424401E-01   4.71125798E-01   4.71424401E-01   4.72830128E-01   4.76897209E-01   4.87322161E-01   5.09554524E-01   5.52067763E-01   6.21609435E-01   7.23347273E-01   8.53005615E-01   1.00000000E+00; ...
    1.00000000E+00   9.22094003E-01   8.53005615E-01   7.99290831E-01   7.61953279E-01   7.39567200E-01   7.27499102E-01   7.22019376E-01   7.19775060E-01   7.19038166E-01   7.18864879E-01   7.19038166E-01   7.19775060E-01   7.22019376E-01   7.27499102E-01   7.39567200E-01   7.61953279E-01   7.99290831E-01   8.53005615E-01   9.22094003E-01   1.00000000E+00; ...
    1.00000000E+00   1.00000000E+00   1.00000000E+00   1.00000000E+00   1.00000000E+00   1.00000000E+00   1.00000000E+00   1.00000000E+00   1.00000000E+00   1.00000000E+00   1.00000000E+00   1.00000000E+00   1.00000000E+00   1.00000000E+00   1.00000000E+00   1.00000000E+00   1.00000000E+00   1.00000000E+00   1.00000000E+00   1.00000000E+00   1.00000000E+00 ];

% ------------------------------------------------------------
% step 4  (tag 00_0124)
times(4) =   1.2375000000000004E-02
fields{4} = [ ...
    1.00000000E+00   1.00000000E+00   1.00000000E+00   1.00000000E+00   1.00000000E+00   1.00000000E+00   1.00000000E+00   1.00000000E+00   1.00000000E+00   1.00000000E+00   1.00000000E+00   1.00000000E+00   1.00000000E+00   1.00000000E+00   1.00000000E+00   1.00000000E+00   1.00000000E+00   1.00000000E+00   1.00000000E+00   1.00000000E+00   1.00000000E+00; ...
    1.00000000E+00   9.40158858E-01   8.85767905E-01   8.40599639E-01   8.06742004E-01   7.83465295E-01   7.69154923E-01   7.61068106E-01   7.57051131E-01   7.55276840E-01   7.54807673E-01   7.55276840E-01   7.57051131E-01   7.61068106E-01   7.69154923E-01   7.83465295E-01   8.06742004E-01   8.40599639E-01   8.85767905E-01   9.40158858E-01   1.00000000E+00; ...
    1.00000000E+00   8.85767905E-01   7.81682793E-01   6.95744002E-01   6.30834072E-01   5.86741074E-01   5.59270196E-01   5.44041732E-01   5.36321411E-01   5.33011698E-01   5.32089242E-01   5.33011698E-01   5.36321411E-01   5.44041732E-01   5.59270196E-01   5.86741074E-01   6.30834072E-01   6.95744002E-01   7.81682793E-01   8.85767905E-01   1.00000000E+00; ...
    1.00000000E+00   8.40599639E-01   6.95744002E-01   5.75641641E-01   4.85665438E-01   4.24015112E-01   3.86150107E-01   3.64869763E-01   3.54312253E-01   3.49685564E-01   3.48456730E-01   3.49685564E-01   3.54312253E-01   3.64869763E-01   3.86150107E-01   4.24015112E-01   4.85665438E-01   5.75641641E-01   6.95744002E-01   8.40599639E-01   1.00000000E+00; ...
    1.00000000E+00   8.06742004E-01   6.30834072E-01   4.85665438E-01   3.76372844E-01   3.02205732E-01   2.56263704E-01   2.30834830E-01   2.18056303E-01   2.12582075E-01   2.11076873E-01   2.12582075E-01   2.18056303E-01   2.30834830E-01   2.56263704E-01   3.02205732E-01   3.76372844E-01   4.85665438E-01   6.30834072E-01   8.06742004E-01   1.00000000E+00; ...
    1.00000000E+00   7.83465295E-01   5.86741074E-01   4.24015112E-01   3.02205732E-01   2.19152167E-01   1.68212022E-01   1.39809436E-01   1.25742822E-01   1.19646668E-01   1.18017899E-01   1.19646668E-01   1.25742822E-01   1.39809436E-01   1.68212022E-01   2.19152167E-01   3.02205732E-01   4.24015112E-01   5.86741074E-01   7.83465295E-01   1.00000000E+00; ...
    1.00000000E+00   7.69154923E-01   5.59270196E-01   3.86150107E-01   2.56263704E-01   1.68212022E-01   1.13999387E-01   8.40386607E-02   6.91183641E-02   6.27313953E-02   6.09984986E-02   6.27313953E-02   6.91183641E-02   8.40386607E-02   1.13999387E-01   1.68212022E-01   2.56263704E-01   3.86150107E-01   5.59270196E-01   7.69154923E-01   1.00000000E+00; ...
    1.00000000E+00   7.61068106E-01   5.44041732E-01   3.64869763E-01   2.30834830E-01   1.39809436E-01   8.40386607E-02   5.31367066E-02   3.78518402E-02   3.12833088E-02   2.95211612E-02   3.12833088E-02   3.78518402E-02   5.31367066E-02   8.40386607E-02   1.39809436E-01   2.30834830E-01   3.64869763E-01   5.44041732E-01   7.61068106E-01   1.00000000E+00; ...
    1.00000000E+00   7.57051131E-01   5.36321411E-01   3.54312253E-01   2.18056303E-01   1.25742822E-01   6.91183641E-02   3.78518402E-02   2.23635885E-02   1.57363906E-02   1.39511925E-02   1.57363906E-02   2.23635885E-02   3.78518402E-02   6.91183641E-02   1.25742822E-01   2.18056303E-01   3.54312253E-01   5.36321411E-01   7.57051131E-01   1.00000000E+00; ...
    1.00000000E+00   7.55276840E-01   5.33011698E-01   3.49685564E-01   2.12582075E-01   1.19646668E-01   6.27313953E-02   3.12833088E-02   1.57363906E-02   9.07853297E-03   7.28981390E-03   9.07853297E-03   1.57363906E-02   3.12833088E-02   6.27313953E-02   1.19646668E-01   2.12582075E-01   3.49685564E-01   5.33011698E-01   7.55276840E-01   1.00000000E+00; ...
    1.00000000E+00   7.54807673E-01   5.32089242E-01   3.48456730E-01   2.11076873E-01   1.18017899E-01   6.09984986E-02   2.95211612E-02   1.39511925E-02   7.28981390E-03   5.49858475E-03   7.28981390E-03   1.39511925E-02   2.95211612E-02   6.09984986E-02   1.18017899E-01   2.11076873E-01   3.48456730E-01   5.32089242E-01   7.54807673E-01   1.00000000E+00; ...
    1.00000000E+00   7.55276840E-01   5.33011698E-01   3.49685564E-01   2.12582075E-01   1.19646668E-01   6.27313953E-02   3.12833088E-02   1.57363906E-02   9.07853297E-03   7.28981390E-03   9.07853297E-03   1.57363906E-02   3.12833088E-02   6.27313953E-02   1.19646668E-01   2.12582075E-01   3.49685564E-01   5.33011698E-01   7.55276840E-01   1.00000000E+00; ...
    1.00000000E+00   7.57051131E-01   5.36321411E-01   3.54312253E-01   2.18056303E-01   1.25742822E-01   6.91183641E-02   3.78518402E-02   2.23635885E-02   1.57363906E-02   1.39511925E-02   1.57363906E-02   2.23635885E-02   3.78518402E-02   6.91183641E-02   1.25742822E-01   2.18056303E-01   3.54312253E-01   5.36321411E-01   7.57051131E-01   1.00000000E+00; ...
    1.00000000E+00   7.61068106E-01   5.44041732E-01   3.64869763E-01   2.30834830E-01   1.39809436E-01   8.40386607E-02   5.31367066E-02   3.78518402E-02   3.12833088E-02   2.95211612E-02   3.12833088E-02   3.78518402E-02   5.31367066E-02   8.40386607E-02   1.39809436E-01   2.30834830E-01   3.64869763E-01   5.44041732E-01   7.61068106E-01   1.00000000E+00; ...
    1.00000000E+00   7.69154923E-01   5.59270196E-01   3.86150107E-01   2.56263704E-01   1.68212022E-01   1.13999387E-01   8.40386607E-02   6.91183641E-02   6.27313953E-02   6.09984986E-02   6.27313953E-02   6.91183641E-02   8.40386607E-02   1.13999387E-01   1.68212022E-01   2.56263704E-01   3.86150107E-01   5.59270196E-01   7.69154923E-01   1.00000000E+00; ...
    1.00000000E+00   7.83465295E-01   5.86741074E-01   4.24015112E-01   3.02205732E-01   2.19152167E-01   1.68212022E-01   1.39809436E-01   1.25742822E-01   1.19646668E-01   1.18017899E-01   1.19646668E-01   1.25742822E-01   1.39809436E-01   1.68212022E-01   2.19152167E-01   3.02205732E-01   4.24015112E-01   5.86741074E-01   7.83465295E-01   1.00000000E+00; ...
    1.00000000E+00   8.06742004E-01   6.30834072E-01   4.85665438E-01   3.76372844E-01   3.02205732E-01   2.56263704E-01   2.30834830E-01   2.18056303E-01   2.12582075E-01   2.11076873E-01   2.12582075E-01   2.18056303E-01   2.30834830E-01   2.56263704E-01   3.02205732E-01   3.76372844E-01   4.85665438E-01   6.30834072E-01   8.06742004E-01   1.00000000E+00; ...
    1.00000000E+00   8.40599639E-01   6.95744002E-01   5.75641641E-01   4.85665438E-01   4.24015112E-01   3.86150107E-01   3.64869763E-01   3.54312253E-01   3.49685564E-01   3.48456730E-01   3.49685564E-01   3.54312253E-01   3.64869763E-01   3.86150107E-01   4.24015112E-01   4.85665438E-01   5.75641641E-01   6.95744002E-01   8.40599639E-01   1.00000000E+00; ...
    1.00000000E+00   8.85767905E-01   7.81682793E-01   6.95744002E-01   6.30834072E-01   5.86741074E-01   5.59270196E-01   5.44041732E-01   5.36321411E-01   5.33011698E-01   5.32089242E-01   5.33011698E-01   5.36321411E-01   5.44041732E-01   5.59270196E-01   5.86741074E-01   6.30834072E-01   6.95744002E-01   7.81682793E-01   8.85767905E-01   1.00000000E+00; ...
    1.00000000E+00   9.40158858E-01   8.85767905E-01   8.40599639E-01   8.06742004E-01   7.83465295E-01   7.69154923E-01   7.61068106E-01   7.57051131E-01   7.55276840E-01   7.54807673E-01   7.55276840E-01   7.57051131E-01   7.61068106E-01   7.69154923E-01   7.83465295E-01   8.06742004E-01   8.40599639E-01   8.85767905E-01   9.40158858E-01   1.00000000E+00; ...
    1.00000000E+00   1.00000000E+00   1.00000000E+00   1.00000000E+00   1.00000000E+00   1.00000000E+00   1.00000000E+00   1.00000000E+00   1.00000000E+00   1.00000000E+00   1.00000000E+00   1.00000000E+00   1.00000000E+00   1.00000000E+00   1.00000000E+00   1.00000000E+00   1.00000000E+00   1.00000000E+00   1.00000000E+00   1.00000000E+00   1.00000000E+00 ];

% ------------------------------------------------------------
% step 5  (tag 00_0155)
times(5) =   1.5468750000000003E-02
fields{5} = [ ...
    1.00000000E+00   1.00000000E+00   1.00000000E+00   1.00000000E+00   1.00000000E+00   1.00000000E+00   1.00000000E+00   1.00000000E+00   1.00000000E+00   1.00000000E+00   1.00000000E+00   1.00000000E+00   1.00000000E+00   1.00000000E+00   1.00000000E+00   1.00000000E+00   1.00000000E+00   1.00000000E+00   1.00000000E+00   1.00000000E+00   1.00000000E+00; ...
    1.00000000E+00   9.51478708E-01   9.06485224E-01   8.67933194E-01   8.37219376E-01   8.14713999E-01   7.99356271E-01   7.89795080E-01   7.84304140E-01   7.81617258E-01   7.80805542E-01   7.81617258E-01   7.84304140E-01   7.89795080E-01   7.99356271E-01   8.14713999E-01   8.37219376E-01   8.67933194E-01   9.06485224E-01   9.51478708E-01   1.00000000E+00; ...
    1.00000000E+00   9.06485224E-01   8.19916940E-01   7.45518947E-01   6.86554242E-01   6.43080802E-01   6.13679682E-01   5.95195770E-01   5.84724225E-01   5.79515636E-01   5.77997544E-01   5.79515636E-01   5.84724225E-01   5.95195770E-01   6.13679682E-01   6.43080802E-01   6.86554242E-01   7.45518947E-01   8.19916940E-01   9.06485224E-01   1.00000000E+00; ...
    1.00000000E+00   8.67933194E-01   7.45518947E-01   6.40654699E-01   5.57216603E-01   4.96106913E-01   4.54497174E-01   4.28609707E-01   4.13789594E-01   4.06538078E-01   4.04358118E-01   4.06538078E-01   4.13789594E-01   4.28609707E-01   4.54497174E-01   4.96106913E-01   5.57216603E-01   6.40654699E-01   7.45518947E-01   8.67933194E-01   1.00000000E+00; ...
    1.00000000E+00   8.37219376E-01   6.86554242E-01   5.57216603E-01   4.54758064E-01   3.79393553E-01   3.28464944E-01   2.96563626E-01   2.78505472E-01   2.69566218E-01   2.66951714E-01   2.69566218E-01   2.78505472E-01   2.96563626E-01   3.28464944E-01   3.79393553E-01   4.54758064E-01   5.57216603E-01   6.86554242E-01   8.37219376E-01   1.00000000E+00; ...
    1.00000000E+00   8.14713999E-01   6.43080802E-01   4.96106913E-01   3.79393553E-01   2.93975337E-01   2.36012063E-01   1.99986937E-01   1.79463412E-01   1.69422212E-01   1.66426104E-01   1.69422212E-01   1.79463412E-01   1.99986937E-01   2.36012063E-01   2.93975337E-01   3.79393553E-01   4.96106913E-01   6.43080802E-01   8.14713999E-01   1.00000000E+00; ...
    1.00000000E+00   7.99356271E-01   6.13679682E-01   4.54497174E-01   3.28464944E-01   2.36012063E-01   1.73591954E-01   1.34656677E-01   1.12637101E-01   1.01796268E-01   9.86134213E-02   1.01796268E-01   1.12637101E-01   1.34656677E-01   1.73591954E-01   2.36012063E-01   3.28464944E-01   4.54497174E-01   6.13679682E-01   7.99356271E-01   1.00000000E+00; ...
    1.00000000E+00   7.89795080E-01   5.95195770E-01   4.28609707E-01   2.96563626E-01   1.99986937E-01   1.34656677E-01   9.40895541E-02   7.10801115E-02   5.98238966E-02   5.64873165E-02   5.98238966E-02   7.10801115E-02   9.40895541E-02   1.34656677E-01   1.99986937E-01   2.96563626E-01   4.28609707E-01   5.95195770E-01   7.89795080E-01   1.00000000E+00; ...
    1.00000000E+00   7.84304140E-01   5.84724225E-01   4.13789594E-01   2.78505472E-01   1.79463412E-01   1.12637101E-01   7.10801115E-02   4.75930322E-02   3.60743800E-02   3.26837645E-02   3.60743800E-02   4.75930322E-02   7.10801115E-02   1.12637101E-01   1.79463412E-01   2.78505472E-01   4.13789594E-01   5.84724225E-01   7.84304140E-01   1.00000000E+00; ...
    1.00000000E+00   7.81617258E-01   5.79515636E-01   4.06538078E-01   2.69566218E-01   1.69422212E-01   1.01796268E-01   5.98238966E-02   3.60743800E-02   2.44569306E-02   2.10251627E-02   2.44569306E-02   3.60743800E-02   5.98238966E-02   1.01796268E-01   1.69422212E-01   2.69566218E-01   4.06538078E-01   5.79515636E-01   7.81617258E-01   1.00000000E+00; ...
    1.00000000E+00   7.80805542E-01   5.77997544E-01   4.04358118E-01   2.66951714E-01   1.66426104E-01   9.86134213E-02   5.64873165E-02   3.26837645E-02   2.10251627E-02   1.75904774E-02   2.10251627E-02   3.26837645E-02   5.64873165E-02   9.86134213E-02   1.66426104E-01   2.66951714E-01   4.04358118E-01   5.77997544E-01   7.80805542E-01   1.00000000E+00; ...
    1.00000000E+00   7.81617258E-01   5.79515636E-01   4.06538078E-01   2.69566218E-01   1.69422212E-01   1.01796268E-01   5.98238966E-02   3.60743800E-02   2.44569306E-02   2.10251627E-02   2.44569306E-02   3.60743800E-02   5.98238966E-02   1.01796268E-01   1.69422212E-01   2.69566218E-01   4.06538078E-01   5.79515636E-01   7.81617258E-01   1.00000000E+00; ...
    1.00000000E+00   7.84304140E-01   5.84724225E-01   4.13789594E-01   2.78505472E-01   1.79463412E-01   1.12637101E-01   7.10801115E-02   4.75930322E-02   3.60743800E-02   3.26837645E-02   3.60743800E-02   4.75930322E-02   7.10801115E-02   1.12637101E-01   1.79463412E-01   2.78505472E-01   4.13789594E-01   5.84724225E-01   7.84304140E-01   1.00000000E+00; ...
    1.00000000E+00   7.89795080E-01   5.95195770E-01   4.28609707E-01   2.96563626E-01   1.99986937E-01   1.34656677E-01   9.40895541E-02   7.10801115E-02   5.98238966E-02   5.64873165E-02   5.98238966E-02   7.10801115E-02   9.40895541E-02   1.34656677E-01   1.99986937E-01   2.96563626E-01   4.28609707E-01   5.95195770E-01   7.89795080E-01   1.00000000E+00; ...
    1.00000000E+00   7.99356271E-01   6.13679682E-01   4.54497174E-01   3.28464944E-01   2.36012063E-01   1.73591954E-01   1.34656677E-01   1.12637101E-01   1.01796268E-01   9.86134213E-02   1.01796268E-01   1.12637101E-01   1.34656677E-01   1.73591954E-01   2.36012063E-01   3.28464944E-01   4.54497174E-01   6.13679682E-01   7.99356271E-01   1.00000000E+00; ...
    1.00000000E+00   8.14713999E-01   6.43080802E-01   4.96106913E-01   3.79393553E-01   2.93975337E-01   2.36012063E-01   1.99986937E-01   1.79463412E-01   1.69422212E-01   1.66426104E-01   1.69422212E-01   1.79463412E-01   1.99986937E-01   2.36012063E-01   2.93975337E-01   3.79393553E-01   4.96106913E-01   6.43080802E-01   8.14713999E-01   1.00000000E+00; ...
    1.00000000E+00   8.37219376E-01   6.86554242E-01   5.57216603E-01   4.54758064E-01   3.79393553E-01   3.28464944E-01   2.96563626E-01   2.78505472E-01   2.69566218E-01   2.66951714E-01   2.69566218E-01   2.78505472E-01   2.96563626E-01   3.28464944E-01   3.79393553E-01   4.54758064E-01   5.57216603E-01   6.86554242E-01   8.37219376E-01   1.00000000E+00; ...
    1.00000000E+00   8.67933194E-01   7.45518947E-01   6.40654699E-01   5.57216603E-01   4.96106913E-01   4.54497174E-01   4.28609707E-01   4.13789594E-01   4.06538078E-01   4.04358118E-01   4.06538078E-01   4.13789594E-01   4.28609707E-01   4.54497174E-01   4.96106913E-01   5.57216603E-01   6.40654699E-01   7.45518947E-01   8.67933194E-01   1.00000000E+00; ...
    1.00000000E+00   9.06485224E-01   8.19916940E-01   7.45518947E-01   6.86554242E-01   6.43080802E-01   6.13679682E-01   5.95195770E-01   5.84724225E-01   5.79515636E-01   5.77997544E-01   5.79515636E-01   5.84724225E-01   5.95195770E-01   6.13679682E-01   6.43080802E-01   6.86554242E-01   7.45518947E-01   8.19916940E-01   9.06485224E-01   1.00000000E+00; ...
    1.00000000E+00   9.51478708E-01   9.06485224E-01   8.67933194E-01   8.37219376E-01   8.14713999E-01   7.99356271E-01   7.89795080E-01   7.84304140E-01   7.81617258E-01   7.80805542E-01   7.81617258E-01   7.84304140E-01   7.89795080E-01   7.99356271E-01   8.14713999E-01   8.37219376E-01   8.67933194E-01   9.06485224E-01   9.51478708E-01   1.00000000E+00; ...
    1.00000000E+00   1.00000000E+00   1.00000000E+00   1.00000000E+00   1.00000000E+00   1.00000000E+00   1.00000000E+00   1.00000000E+00   1.00000000E+00   1.00000000E+00   1.00000000E+00   1.00000000E+00   1.00000000E+00   1.00000000E+00   1.00000000E+00   1.00000000E+00   1.00000000E+00   1.00000000E+00   1.00000000E+00   1.00000000E+00   1.00000000E+00 ];

% ------------------------------------------------------------
% step 6  (tag 00_0186)
times(6) =   1.8562500000000006E-02
fields{6} = [ ...
    1.00000000E+00   1.00000000E+00   1.00000000E+00   1.00000000E+00   1.00000000E+00   1.00000000E+00   1.00000000E+00   1.00000000E+00   1.00000000E+00   1.00000000E+00   1.00000000E+00   1.00000000E+00   1.00000000E+00   1.00000000E+00   1.00000000E+00   1.00000000E+00   1.00000000E+00   1.00000000E+00   1.00000000E+00   1.00000000E+00   1.00000000E+00; ...
    1.00000000E+00   9.59167735E-01   9.20894311E-01   8.87200976E-01   8.59470968E-01   8.38010543E-01   8.22552584E-01   8.12120146E-01   8.05716555E-01   8.02300958E-01   8.01255088E-01   8.02300958E-01   8.05716555E-01   8.12120146E-01   8.22552584E-01   8.38010543E-01   8.59470968E-01   8.87200976E-01   9.20894311E-01   9.59167735E-01   1.00000000E+00; ...
