% Auto-generated MATLAB script
field = [ ...
    1.00000000E+00   1.00000000E+00   1.00000000E+00   1.00000000E+00   1.00000000E+00   1.00000000E+00   1.00000000E+00   1.00000000E+00   1.00000000E+00   1.00000000E+00   1.00000000E+00   1.00000000E+00   1.00000000E+00   1.00000000E+00   1.00000000E+00   1.00000000E+00   1.00000000E+00   1.00000000E+00   1.00000000E+00   1.00000000E+00   1.00000000E+00; ...
    1.00000000E+00   9.96683121E-01   9.93448377E-01   9.90374029E-01   9.87538218E-01   9.85007465E-01   9.82848167E-01   9.81108606E-01   9.79837060E-01   9.79058921E-01   9.78799522E-01   9.79058921E-01   9.79837060E-01   9.81108606E-01   9.82848167E-01   9.85007465E-01   9.87538218E-01   9.90374029E-01   9.93448377E-01   9.96683121E-01   1.00000000E+00; ...
    1.00000000E+00   9.93448377E-01   9.87057090E-01   9.80986595E-01   9.75381494E-01   9.70386446E-01   9.66116190E-01   9.62685347E-01   9.60167706E-01   9.58636820E-01   9.58118081E-01   9.58636820E-01   9.60167706E-01   9.62685347E-01   9.66116190E-01   9.70386446E-01   9.75381494E-01   9.80986595E-01   9.87057090E-01   9.93448377E-01   1.00000000E+00; ...
    1.00000000E+00   9.90374029E-01   9.80986595E-01   9.72064614E-01   9.63834882E-01   9.56490338E-01   9.50223923E-01   9.45175588E-01   9.41485524E-01   9.39227283E-01   9.38474536E-01   9.39227283E-01   9.41485524E-01   9.45175588E-01   9.50223923E-01   9.56490338E-01   9.63834882E-01   9.72064614E-01   9.80986595E-01   9.90374029E-01   1.00000000E+00; ...
    1.00000000E+00   9.87538218E-01   9.75381494E-01   9.63834882E-01   9.53173518E-01   9.43672478E-01   9.35550034E-01   9.29024398E-01   9.24235582E-01   9.21323776E-01   9.20337081E-01   9.21323776E-01   9.24235582E-01   9.29024398E-01   9.35550034E-01   9.43672478E-01   9.53173518E-01   9.63834882E-01   9.75381494E-01   9.87538218E-01   1.00000000E+00; ...
    1.00000000E+00   9.85007465E-01   9.70386446E-01   9.56490338E-01   9.43672478E-01   9.32233334E-01   9.22473192E-01   9.14610445E-01   9.08863127E-01   9.05345917E-01   9.04173553E-01   9.05345917E-01   9.08863127E-01   9.14610445E-01   9.22473192E-01   9.32233334E-01   9.43672478E-01   9.56490338E-01   9.70386446E-01   9.85007465E-01   1.00000000E+00; ...
    1.00000000E+00   9.82848167E-01   9.66116190E-01   9.50223923E-01   9.35550034E-01   9.22473192E-01   9.11293864E-01   9.02312219E-01   8.95721138E-01   8.91713381E-01   8.90355349E-01   8.91713381E-01   8.95721138E-01   9.02312219E-01   9.11293864E-01   9.22473192E-01   9.35550034E-01   9.50223923E-01   9.66116190E-01   9.82848167E-01   1.00000000E+00; ...
    1.00000000E+00   9.81108606E-01   9.62685347E-01   9.45175588E-01   9.29024398E-01   9.14610445E-01   9.02312219E-01   8.92404675E-01   8.85162771E-01   8.80730927E-01   8.79253626E-01   8.80730927E-01   8.85162771E-01   8.92404675E-01   9.02312219E-01   9.14610445E-01   9.29024398E-01   9.45175588E-01   9.62685347E-01   9.81108606E-01   1.00000000E+00; ...
    1.00000000E+00   9.79837060E-01   9.60167706E-01   9.41485524E-01   9.24235582E-01   9.08863127E-01   8.95721138E-01   8.85162771E-01   8.77414584E-01   8.72703254E-01   8.71106803E-01   8.72703254E-01   8.77414584E-01   8.85162771E-01   8.95721138E-01   9.08863127E-01   9.24235582E-01   9.41485524E-01   9.60167706E-01   9.79837060E-01   1.00000000E+00; ...
    1.00000000E+00   9.79058921E-01   9.58636820E-01   9.39227283E-01   9.21323776E-01   9.05345917E-01   8.91713381E-01   8.80730927E-01   8.72703254E-01   8.67790580E-01   8.66153002E-01   8.67790580E-01   8.72703254E-01   8.80730927E-01   8.91713381E-01   9.05345917E-01   9.21323776E-01   9.39227283E-01   9.58636820E-01   9.79058921E-01   1.00000000E+00; ...
    1.00000000E+00   9.78799522E-01   9.58118081E-01   9.38474536E-01   9.20337081E-01   9.04173553E-01   8.90355349E-01   8.79253626E-01   8.71106803E-01   8.66153002E-01   8.64474416E-01   8.66153002E-01   8.71106803E-01   8.79253626E-01   8.90355349E-01   9.04173553E-01   9.20337081E-01   9.38474536E-01   9.58118081E-01   9.78799522E-01   1.00000000E+00; ...
    1.00000000E+00   9.79058921E-01   9.58636820E-01   9.39227283E-01   9.21323776E-01   9.05345917E-01   8.91713381E-01   8.80730927E-01   8.72703254E-01   8.67790580E-01   8.66153002E-01   8.67790580E-01   8.72703254E-01   8.80730927E-01   8.91713381E-01   9.05345917E-01   9.21323776E-01   9.39227283E-01   9.58636820E-01   9.79058921E-01   1.00000000E+00; ...
    1.00000000E+00   9.79837060E-01   9.60167706E-01   9.41485524E-01   9.24235582E-01   9.08863127E-01   8.95721138E-01   8.85162771E-01   8.77414584E-01   8.72703254E-01   8.71106803E-01   8.72703254E-01   8.77414584E-01   8.85162771E-01   8.95721138E-01   9.08863127E-01   9.24235582E-01   9.41485524E-01   9.60167706E-01   9.79837060E-01   1.00000000E+00; ...
    1.00000000E+00   9.81108606E-01   9.62685347E-01   9.45175588E-01   9.29024398E-01   9.14610445E-01   9.02312219E-01   8.92404675E-01   8.85162771E-01   8.80730927E-01   8.79253626E-01   8.80730927E-01   8.85162771E-01   8.92404675E-01   9.02312219E-01   9.14610445E-01   9.29024398E-01   9.45175588E-01   9.62685347E-01   9.81108606E-01   1.00000000E+00; ...
    1.00000000E+00   9.82848167E-01   9.66116190E-01   9.50223923E-01   9.35550034E-01   9.22473192E-01   9.11293864E-01   9.02312219E-01   8.95721138E-01   8.91713381E-01   8.90355349E-01   8.91713381E-01   8.95721138E-01   9.02312219E-01   9.11293864E-01   9.22473192E-01   9.35550034E-01   9.50223923E-01   9.66116190E-01   9.82848167E-01   1.00000000E+00; ...
    1.00000000E+00   9.85007465E-01   9.70386446E-01   9.56490338E-01   9.43672478E-01   9.32233334E-01   9.22473192E-01   9.14610445E-01   9.08863127E-01   9.05345917E-01   9.04173553E-01   9.05345917E-01   9.08863127E-01   9.14610445E-01   9.22473192E-01   9.32233334E-01   9.43672478E-01   9.56490338E-01   9.70386446E-01   9.85007465E-01   1.00000000E+00; ...
    1.00000000E+00   9.87538218E-01   9.75381494E-01   9.63834882E-01   9.53173518E-01   9.43672478E-01   9.35550034E-01   9.29024398E-01   9.24235582E-01   9.21323776E-01   9.20337081E-01   9.21323776E-01   9.24235582E-01   9.29024398E-01   9.35550034E-01   9.43672478E-01   9.53173518E-01   9.63834882E-01   9.75381494E-01   9.87538218E-01   1.00000000E+00; ...
    1.00000000E+00   9.90374029E-01   9.80986595E-01   9.72064614E-01   9.63834882E-01   9.56490338E-01   9.50223923E-01   9.45175588E-01   9.41485524E-01   9.39227283E-01   9.38474536E-01   9.39227283E-01   9.41485524E-01   9.45175588E-01   9.50223923E-01   9.56490338E-01   9.63834882E-01   9.72064614E-01   9.80986595E-01   9.90374029E-01   1.00000000E+00; ...
    1.00000000E+00   9.93448377E-01   9.87057090E-01   9.80986595E-01   9.75381494E-01   9.70386446E-01   9.66116190E-01   9.62685347E-01   9.60167706E-01   9.58636820E-01   9.58118081E-01   9.58636820E-01   9.60167706E-01   9.62685347E-01   9.66116190E-01   9.70386446E-01   9.75381494E-01   9.80986595E-01   9.87057090E-01   9.93448377E-01   1.00000000E+00; ...
    1.00000000E+00   9.96683121E-01   9.93448377E-01   9.90374029E-01   9.87538218E-01   9.85007465E-01   9.82848167E-01   9.81108606E-01   9.79837060E-01   9.79058921E-01   9.78799522E-01   9.79058921E-01   9.79837060E-01   9.81108606E-01   9.82848167E-01   9.85007465E-01   9.87538218E-01   9.90374029E-01   9.93448377E-01   9.96683121E-01   1.00000000E+00; ...
    1.00000000E+00   1.00000000E+00   1.00000000E+00   1.00000000E+00   1.00000000E+00   1.00000000E+00   1.00000000E+00   1.00000000E+00   1.00000000E+00   1.00000000E+00   1.00000000E+00   1.00000000E+00   1.00000000E+00   1.00000000E+00   1.00000000E+00   1.00000000E+00   1.00000000E+00   1.00000000E+00   1.00000000E+00   1.00000000E+00   1.00000000E+00 ];

% Surface plot (auto-generated)
[ny, nx] = size(field);
[X, Y] = meshgrid(1:nx, 1:ny);
fig = figure('Color','w');
ax = axes('Parent', fig);
h = surf(ax, X, Y, field);
shading(ax, 'interp');
colormap(ax, parula);
cb = colorbar(ax);
cb.Label.String = 'field value';
grid(ax, 'on');
box(ax, 'on');
axis(ax, 'tight');
view(ax, 45, 30);
xlabel(ax, 'i (x index)');
ylabel(ax, 'j (y index)');
zlabel(ax, 'field');
title(ax, sprintf('field (%d x %d)', ny, nx));
set(ax, 'FontSize', 12, 'LineWidth', 1);
set(h, 'EdgeColor', 'k');
drawnow;
